
 Tue Apr 28 21:24:03 2015
 Stratum (Toktområde)     Vestbanken_SouthWest
 Speed and time available 10 knots     24 h
 Stratum area (n.mi2)     417.5509
 Sailing distance (n.mi)  254.1819
 Survey coverage          12.43913
  
 Transect positions      
  
     LonDeg LonMin LatDeg LatMin
1       4 51.434     56 58.853
2       5  0.227     56 58.571
3       4 51.692     57  0.689
4       4 51.817     57  1.583
5       4 53.435     57  2.344
6       5 24.452     56 54.648
7       5 27.087     56 56.082
8       4 54.886     57  4.073
9       4 55.968     57  5.893
10      5 29.722     56 57.517
11      5 31.169     56 58.304
12      5 31.446     56 59.178
13      4 56.987     57  7.728
14      4 57.923     57  9.585
15      5 32.062     57  1.114
16      5 32.677     57  3.049
17      4 58.859     57 11.441
18      4 59.795     57 13.297
19      5 34.172     57  4.767
20      5 36.046     57  6.390
21      5  0.118     57 15.305
22      5  0.073     57 17.405
23      5 37.920     57  8.014
24      5 38.710     57  8.698
25      5 31.110     57 11.792
26      5  0.028     57 19.504
27      5  0.009     57 20.380
28      5  0.872     57 21.383
29      5 17.972     57 17.140
30      5 10.205     57 20.302
