
 Wed Apr 29 18:57:44 2015
 Stratum (Toktområde)     Vestbanken_SouthEast
 Speed and time available 10 knots     23 h
 Stratum area (n.mi2)     314.4621
 Sailing distance (n.mi)  244.1629
 Survey coverage          13.76878
  
 Transect positions      
  
     LonDeg LonMin LatDeg LatMin
1       6 12.986     56 57.523
2       5 57.059     57  2.715
3       6 11.392     56 57.020
4       6  8.758     56 56.189
5       5 38.260     57  8.308
6       5 36.775     57  7.021
7       6  6.123     56 55.358
8       6  3.489     56 54.527
9       5 35.289     57  5.733
10      5 33.804     57  4.446
11      6  0.855     56 53.696
12      5 58.220     56 52.866
13      5 32.669     57  3.019
14      5 32.139     57  1.352
15      5 55.586     56 52.035
16      5 52.952     56 51.204
17      5 31.608     56 59.685
18      5 31.169     56 58.304
19      5 30.815     56 58.123
20      5 50.318     56 50.373
21      5 47.683     56 49.542
22      5 28.756     56 57.064
23      5 26.697     56 56.004
24      5 45.049     56 48.711
25      5 42.415     56 47.881
26      5 24.637     56 54.945
27      5 22.800     56 54.000
28      5 23.150     56 53.658
29      5 39.781     56 47.050
30      5 37.146     56 46.219
31      5 26.395     56 50.491
32      5 29.641     56 47.324
33      5 34.512     56 45.388
34      5 32.329     56 44.700
