
 Wed Jan 20 17:13:11 2016
 Stratum (Toktområde)     Albjoern_Ling
 Speed and time available 10 knots     10 h
 Stratum area (n.mi2)     433.9515
 Sailing distance (n.mi)  112.6135
 Survey coverage          5.405924
  
 Transect positions      
  
     LonDeg LonMin LatDeg LatMin
1       2 46.278     58 10.156
2       2 33.644     58  6.763
3       2 33.642     58  6.762
4       2 32.826     58  4.703
5       2 47.832     58  8.536
6       2 54.558     58  1.525
7       2 32.994     57 56.016
8       2 35.838     57 53.402
9       2 46.066     57 50.626
10      3  1.285     57 54.514
11      3  5.050     57 50.589
12      3  7.068     57 47.262
13      2 52.851     57 43.630
14      2 54.023     57 39.224
15      2 56.452     57 35.820
16      3 11.653     57 39.704
17      3 12.367     57 38.526
18      3 20.049     57 33.119
19      3  4.432     57 29.130
20      3 11.099     57 26.486
