
 Wed May 13 00:00:55 2015
 Stratum (Toktområde)     Vikingbanken
 Speed and time available 10 knots     15 h
 Stratum area (n.mi2)     189.2785
 Sailing distance (n.mi)  149.4078
 Survey coverage          10.85982
  
 Transect positions      
  
     LonDeg LonMin LatDeg LatMin
1       2  42.12     60   8.20
2       2  36.89     60   9.29
3       2  47.64     60  10.99
4       2  37.00     60  11.88
5       2  48.66     60  13.62
6       2  36.94     60  14.47
7       2  47.90     60  16.17
8       2  35.37     60  16.99
9       2  45.99     60  18.69
10      2  33.80     60  19.52
11      2  44.08     60  21.20
12      2  32.24     60  22.05
13      2  42.18     60  23.72
14      2  31.14     60  24.59
15      2  42.99     60  26.33
16      2  30.59     60  27.16
17      2  43.85     60  28.95
18      2  30.04     60  29.72
19      2  44.70     60  31.57
20      2  29.49     60  32.29
21      2  45.43     60  34.18
22      2  30.42     60  34.91
23      2  45.70     60  36.78
24      2  35.24     60  37.68
25      2  45.98     60  39.37
26      2  40.61     60  39.87
