"Country","Vessel","Cruise","Log","Year","Month","Day","Hour","Min","AcLat","AcLon","Logint","Frequency","Sv_threshold","Process_ID","Interval"
"FO","OW2252","1111",7091.99,2011,4,6,1,30,58.97,-7.37,0.30,38,-70,9044,7092
"FO","OW2252","1111",7092.99,2011,4,6,1,39,58.95,-7.38,1.00,38,-70,9044,7093
"FO","OW2252","1111",7093.99,2011,4,6,1,47,58.94,-7.39,1.00,38,-70,9044,7094
"FO","OW2252","1111",7094.99,2011,4,6,1,56,58.92,-7.39,1.00,38,-70,9044,7095
"FO","OW2252","1111",7095.99,2011,4,6,2,5,58.90,-7.40,1.00,38,-70,9044,7096
"FO","OW2252","1111",7096.99,2011,4,6,2,14,58.88,-7.41,1.00,38,-70,9044,7097
"FO","OW2252","1111",7097.99,2011,4,6,2,22,58.87,-7.42,1.00,38,-70,9044,7098
"FO","OW2252","1111",7098.99,2011,4,6,2,30,58.85,-7.42,1.00,38,-70,9044,7099
"FO","OW2252","1111",7099.99,2011,4,6,2,38,58.83,-7.43,1.00,38,-70,9044,7100
"FO","OW2252","1111",7100.99,2011,4,6,2,46,58.82,-7.43,1.00,38,-70,9044,7101
"FO","OW2252","1111",7101.99,2011,4,6,2,54,58.80,-7.44,1.00,38,-70,9044,7102
"FO","OW2252","1111",7102.99,2011,4,6,3,2,58.78,-7.44,1.00,38,-70,9044,7103
"FO","OW2252","1111",7103.99,2011,4,6,3,10,58.77,-7.45,1.00,38,-70,9044,7104
"FO","OW2252","1111",7104.99,2011,4,6,3,18,58.75,-7.46,1.00,38,-70,9044,7105
"FO","OW2252","1111",7105.99,2011,4,6,3,26,58.73,-7.47,1.00,38,-70,9044,7106
"FO","OW2252","1111",7106.99,2011,4,6,3,34,58.72,-7.48,1.00,38,-70,9044,7107
"FO","OW2252","1111",7107.99,2011,4,6,3,43,58.70,-7.49,1.00,38,-70,9044,7108
"FO","OW2252","1111",7108.99,2011,4,6,4,9,58.70,-7.48,1.00,38,-70,9044,7109
"FO","OW2252","1111",7109.99,2011,4,6,4,19,58.69,-7.52,1.00,38,-70,9044,7110
"FO","OW2252","1111",7110.99,2011,4,6,4,30,58.69,-7.57,1.00,38,-70,9044,7111
"FO","OW2252","1111",7111.99,2011,4,6,4,38,58.70,-7.61,1.00,38,-70,9044,7112
"FO","OW2252","1111",7112.99,2011,4,6,4,47,58.70,-7.65,1.00,38,-70,9044,7113
"FO","OW2252","1111",7113.99,2011,4,6,4,55,58.70,-7.68,1.00,38,-70,9044,7114
"FO","OW2252","1111",7114.99,2011,4,6,5,4,58.70,-7.72,1.00,38,-70,9044,7115
"FO","OW2252","1111",7115.99,2011,4,6,5,12,58.70,-7.76,1.00,38,-70,9044,7116
"FO","OW2252","1111",7116.99,2011,4,6,5,19,58.70,-7.80,1.00,38,-70,9044,7117
"FO","OW2252","1111",7117.99,2011,4,6,5,27,58.70,-7.83,1.00,38,-70,9044,7118
"FO","OW2252","1111",7118.99,2011,4,6,5,33,58.70,-7.86,1.00,38,-70,9044,7119
"FO","OW2252","1111",7119.99,2011,4,6,5,40,58.69,-7.90,1.00,38,-70,9044,7120
"FO","OW2252","1111",7120.99,2011,4,6,5,47,58.69,-7.93,1.00,38,-70,9044,7121
"FO","OW2252","1111",7121.99,2011,4,6,5,53,58.69,-7.96,1.00,38,-70,9044,7122
"FO","OW2252","1111",7122.99,2011,4,6,6,0,58.69,-7.99,1.00,38,-70,9044,7123
"FO","OW2252","1111",7123.99,2011,4,6,6,7,58.69,-8.03,1.00,38,-70,9044,7124
"FO","OW2252","1111",7124.99,2011,4,6,6,14,58.69,-8.06,1.00,38,-70,9044,7125
"FO","OW2252","1111",7125.99,2011,4,6,6,20,58.69,-8.09,1.00,38,-70,9044,7126
"FO","OW2252","1111",7126.99,2011,4,6,6,27,58.70,-8.12,1.00,38,-70,9044,7127
"FO","OW2252","1111",7127.99,2011,4,6,6,34,58.70,-8.15,1.00,38,-70,9044,7128
"FO","OW2252","1111",7128.99,2011,4,6,6,43,58.71,-8.18,1.00,38,-70,9044,7129
"FO","OW2252","1111",7129.99,2011,4,6,6,56,58.71,-8.20,1.00,38,-70,9044,7130
"FO","OW2252","1111",7130.99,2011,4,6,7,17,58.71,-8.23,1.00,38,-70,9044,7131
"FO","OW2252","1111",7131.99,2011,4,6,7,36,58.72,-8.26,1.00,38,-70,9044,7132
"FO","OW2252","1111",7132.99,2011,4,6,8,6,58.73,-8.28,1.00,38,-70,9044,7133
"FO","OW2252","1111",7133.99,2011,4,6,8,15,58.72,-8.32,1.00,38,-70,9044,7134
"FO","OW2252","1111",7134.99,2011,4,6,8,22,58.72,-8.35,1.00,38,-70,9044,7135
"FO","OW2252","1111",7135.99,2011,4,6,8,30,58.72,-8.38,1.00,38,-70,9044,7136
"FO","OW2252","1111",7136.99,2011,4,6,8,38,58.72,-8.41,1.00,38,-70,9044,7137
"FO","OW2252","1111",7137.99,2011,4,6,8,46,58.71,-8.44,1.00,38,-70,9044,7138
"FO","OW2252","1111",7138.99,2011,4,6,8,53,58.71,-8.48,1.00,38,-70,9044,7139
"FO","OW2252","1111",7139.99,2011,4,6,9,1,58.71,-8.51,1.00,38,-70,9044,7140
"FO","OW2252","1111",7140.99,2011,4,6,9,26,58.71,-8.51,1.00,38,-70,9044,7141
"FO","OW2252","1111",7141.99,2011,4,6,9,47,58.71,-8.54,1.00,38,-70,9044,7142
"FO","OW2252","1111",7142.99,2011,4,6,10,3,58.71,-8.57,1.00,38,-70,9044,7143
"FO","OW2252","1111",7143.99,2011,4,6,10,23,58.71,-8.61,1.00,38,-70,9044,7144
"FO","OW2252","1111",7144.99,2011,4,6,10,41,58.71,-8.64,1.00,38,-70,9044,7145
"FO","OW2252","1111",7145.99,2011,4,6,10,57,58.69,-8.64,1.00,38,-70,9044,7146
"FO","OW2252","1111",7146.99,2011,4,6,11,16,58.68,-8.62,1.00,38,-70,9044,7147
"FO","OW2252","1111",7147.99,2011,4,6,11,34,58.66,-8.60,1.00,38,-70,9044,7148
"FO","OW2252","1111",7148.99,2011,4,6,11,54,58.65,-8.57,1.00,38,-70,9044,7149
"FO","OW2252","1111",7149.99,2011,4,6,12,22,58.66,-8.54,1.00,38,-70,9044,7150
"FO","OW2252","1111",7150.99,2011,4,6,12,39,58.66,-8.57,1.00,38,-70,9044,7151
"FO","OW2252","1111",7151.99,2011,4,6,12,46,58.66,-8.60,1.00,38,-70,9044,7152
"FO","OW2252","1111",7152.99,2011,4,6,12,52,58.66,-8.63,1.00,38,-70,9044,7153
"FO","OW2252","1111",7153.99,2011,4,6,12,59,58.67,-8.66,1.00,38,-70,9044,7154
"FO","OW2252","1111",7154.99,2011,4,6,13,5,58.67,-8.69,1.00,38,-70,9044,7155
"FO","OW2252","1111",7155.99,2011,4,6,13,12,58.67,-8.72,1.00,38,-70,9044,7156
"FO","OW2252","1111",7156.99,2011,4,6,13,18,58.67,-8.76,1.00,38,-70,9044,7157
"FO","OW2252","1111",7157.99,2011,4,6,13,24,58.67,-8.79,1.00,38,-70,9044,7158
"FO","OW2252","1111",7158.99,2011,4,6,13,30,58.68,-8.82,1.00,38,-70,9044,7159
"FO","OW2252","1111",7159.99,2011,4,6,13,37,58.68,-8.85,1.00,38,-70,9044,7160
"FO","OW2252","1111",7160.99,2011,4,6,13,43,58.68,-8.88,1.00,38,-70,9044,7161
"FO","OW2252","1111",7161.99,2011,4,6,13,49,58.68,-8.91,1.00,38,-70,9044,7162
"FO","OW2252","1111",7162.99,2011,4,6,13,56,58.68,-8.95,1.00,38,-70,9044,7163
"FO","OW2252","1111",7163.99,2011,4,6,14,3,58.69,-8.98,1.00,38,-70,9044,7164
"FO","OW2252","1111",7164.99,2011,4,6,14,9,58.69,-9.01,1.00,38,-70,9044,7165
"FO","OW2252","1111",7165.99,2011,4,6,14,15,58.69,-9.04,1.00,38,-70,9044,7166
"FO","OW2252","1111",7166.99,2011,4,6,14,22,58.69,-9.07,1.00,38,-70,9044,7167
"FO","OW2252","1111",7167.99,2011,4,6,14,28,58.69,-9.10,1.00,38,-70,9044,7168
"FO","OW2252","1111",7168.99,2011,4,6,14,34,58.69,-9.14,1.00,38,-70,9044,7169
"FO","OW2252","1111",7169.99,2011,4,6,14,40,58.69,-9.17,1.00,38,-70,9044,7170
"FO","OW2252","1111",7170.99,2011,4,6,14,46,58.69,-9.20,1.00,38,-70,9044,7171
"FO","OW2252","1111",7171.99,2011,4,6,15,26,58.68,-9.19,1.00,38,-70,9044,7172
"FO","OW2252","1111",7172.99,2011,4,6,15,50,58.68,-9.21,1.00,38,-70,9044,7173
"FO","OW2252","1111",7173.99,2011,4,6,15,58,58.68,-9.24,1.00,38,-70,9044,7174
"FO","OW2252","1111",7174.99,2011,4,6,16,7,58.68,-9.27,1.00,38,-70,9044,7175
"FO","OW2252","1111",7175.99,2011,4,6,16,17,58.68,-9.30,1.00,38,-70,9044,7176
"FO","OW2252","1111",7176.99,2011,4,6,16,27,58.68,-9.34,1.00,38,-70,9044,7177
"FO","OW2252","1111",7177.99,2011,4,6,16,39,58.68,-9.37,1.00,38,-70,9044,7178
"FO","OW2252","1111",7178.99,2011,4,6,16,50,58.68,-9.40,1.00,38,-70,9044,7179
"FO","OW2252","1111",7179.99,2011,4,6,17,1,58.69,-9.43,1.00,38,-70,9044,7180
"FO","OW2252","1111",7180.99,2011,4,6,17,14,58.69,-9.46,1.00,38,-70,9044,7181
"FO","OW2252","1111",7181.99,2011,4,6,17,26,58.69,-9.49,1.00,38,-70,9044,7182
"FO","OW2252","1111",7182.99,2011,4,6,17,38,58.69,-9.53,1.00,38,-70,9044,7183
"FO","OW2252","1111",7183.99,2011,4,6,17,51,58.69,-9.56,1.00,38,-70,9044,7184
"FO","OW2252","1111",7184.99,2011,4,6,18,5,58.69,-9.59,1.00,38,-70,9044,7185
"FO","OW2252","1111",7185.99,2011,4,6,18,18,58.69,-9.62,1.00,38,-70,9044,7186
"FO","OW2252","1111",7186.99,2011,4,6,18,32,58.70,-9.65,1.00,38,-70,9044,7187
"FO","OW2252","1111",7187.99,2011,4,6,18,47,58.70,-9.68,1.00,38,-70,9044,7188
"FO","OW2252","1111",7188.99,2011,4,6,19,1,58.70,-9.72,1.00,38,-70,9044,7189
"FO","OW2252","1111",7189.99,2011,4,6,19,16,58.70,-9.75,1.00,38,-70,9044,7190
"FO","OW2252","1111",7190.99,2011,4,6,19,30,58.70,-9.78,1.00,38,-70,9044,7191
"FO","OW2252","1111",7191.99,2011,4,6,19,42,58.70,-9.81,1.00,38,-70,9044,7192
"FO","OW2252","1111",7192.99,2011,4,6,19,56,58.69,-9.84,1.00,38,-70,9044,7193
"FO","OW2252","1111",7193.99,2011,4,6,20,11,58.69,-9.87,1.00,38,-70,9044,7194
"FO","OW2252","1111",7194.99,2011,4,6,20,25,58.69,-9.91,1.00,38,-70,9044,7195
"FO","OW2252","1111",7195.99,2011,4,6,20,40,58.69,-9.94,1.00,38,-70,9044,7196
"FO","OW2252","1111",7196.99,2011,4,6,20,55,58.69,-9.97,1.00,38,-70,9044,7197
"FO","OW2252","1111",7197.99,2011,4,6,21,10,58.70,-10.00,1.00,38,-70,9044,7198
"FO","OW2252","1111",7198.99,2011,4,6,21,27,58.70,-10.03,1.00,38,-70,9044,7199
"FO","OW2252","1111",7199.99,2011,4,6,21,42,58.70,-10.07,1.00,38,-70,9044,7200
"FO","OW2252","1111",7200.99,2011,4,6,21,57,58.70,-10.10,1.00,38,-70,9044,7201
"FO","OW2252","1111",7201.99,2011,4,6,22,11,58.70,-10.13,1.00,38,-70,9044,7202
"FO","OW2252","1111",7202.99,2011,4,6,22,27,58.70,-10.16,1.00,38,-70,9044,7203
"FO","OW2252","1111",7203.99,2011,4,6,22,42,58.70,-10.19,1.00,38,-70,9044,7204
"FO","OW2252","1111",7204.99,2011,4,6,22,59,58.70,-10.22,1.00,38,-70,9044,7205
"FO","OW2252","1111",7205.99,2011,4,6,23,15,58.70,-10.26,1.00,38,-70,9044,7206
"FO","OW2252","1111",7206.99,2011,4,6,23,30,58.70,-10.29,1.00,38,-70,9044,7207
"FO","OW2252","1111",7207.99,2011,4,6,23,45,58.70,-10.32,1.00,38,-70,9044,7208
"FO","OW2252","1111",7208.99,2011,4,7,0,4,58.70,-10.35,1.00,38,-70,9044,7209
"FO","OW2252","1111",7209.99,2011,4,7,0,21,58.70,-10.38,1.00,38,-70,9044,7210
"FO","OW2252","1111",7210.99,2011,4,7,0,38,58.70,-10.42,1.00,38,-70,9044,7211
"FO","OW2252","1111",7211.99,2011,4,7,0,56,58.70,-10.45,1.00,38,-70,9044,7212
"FO","OW2252","1111",7212.99,2011,4,7,1,16,58.70,-10.48,1.00,38,-70,9044,7213
"FO","OW2252","1111",7213.99,2011,4,7,1,36,58.69,-10.51,1.00,38,-70,9044,7214
"FO","OW2252","1111",7214.37,2011,4,7,1,43,58.69,-10.52,0.40,38,-70,9044,7215
"FO","OW2252","1111",7214.99,2011,4,7,1,54,58.69,-10.54,0.60,38,-70,9080,7215
"FO","OW2252","1111",7215.99,2011,4,7,2,14,58.70,-10.58,1.00,38,-70,9080,7216
"FO","OW2252","1111",7216.99,2011,4,7,2,35,58.70,-10.61,1.00,38,-70,9080,7217
"FO","OW2252","1111",7217.65,2011,4,7,2,47,58.69,-10.63,0.70,38,-70,9080,7218
"FO","OW2252","1111",7224.99,2011,4,7,4,41,58.70,-10.86,0.10,38,-70,9080,7225
"FO","OW2252","1111",7225.99,2011,4,7,4,58,58.70,-10.89,1.00,38,-70,9080,7226
"FO","OW2252","1111",7226.99,2011,4,7,5,13,58.70,-10.92,1.00,38,-70,9080,7227
"FO","OW2252","1111",7227.99,2011,4,7,5,28,58.70,-10.96,1.00,38,-70,9080,7228
"FO","OW2252","1111",7228.99,2011,4,7,5,42,58.70,-10.99,1.00,38,-70,9080,7229
"FO","OW2252","1111",7229.73,2011,4,7,6,7,58.69,-11.00,0.70,38,-70,9080,7230
"FO","OW2252","1111",7231.99,2011,4,7,9,16,58.69,-10.99,0.60,38,-70,9080,7232
"FO","OW2252","1111",7232.99,2011,4,7,9,49,58.69,-11.00,1.00,38,-70,9080,7233
"FO","OW2252","1111",7233.99,2011,4,7,10,6,58.69,-11.03,1.00,38,-70,9080,7234
"FO","OW2252","1111",7234.99,2011,4,7,10,23,58.69,-11.07,1.00,38,-70,9080,7235
"FO","OW2252","1111",7235.99,2011,4,7,10,42,58.69,-11.10,1.00,38,-70,9080,7236
"FO","OW2252","1111",7236.99,2011,4,7,10,59,58.69,-11.13,1.00,38,-70,9080,7237
"FO","OW2252","1111",7237.99,2011,4,7,11,15,58.69,-11.16,1.00,38,-70,9080,7238
"FO","OW2252","1111",7238.99,2011,4,7,11,32,58.69,-11.19,1.00,38,-70,9080,7239
"FO","OW2252","1111",7239.99,2011,4,7,11,49,58.69,-11.22,1.00,38,-70,9080,7240
"FO","OW2252","1111",7240.99,2011,4,7,12,4,58.69,-11.24,1.00,38,-70,9080,7241
"FO","OW2252","1111",7241.99,2011,4,7,12,23,58.69,-11.28,1.00,38,-70,9080,7242
"FO","OW2252","1111",7242.99,2011,4,7,12,42,58.70,-11.31,1.00,38,-70,9080,7243
"FO","OW2252","1111",7243.99,2011,4,7,12,58,58.70,-11.34,1.00,38,-70,9080,7244
"FO","OW2252","1111",7244.99,2011,4,7,13,17,58.69,-11.38,1.00,38,-70,9080,7245
"FO","OW2252","1111",7245.99,2011,4,7,13,34,58.69,-11.41,1.00,38,-70,9080,7246
"FO","OW2252","1111",7246.99,2011,4,7,13,52,58.69,-11.44,1.00,38,-70,9080,7247
"FO","OW2252","1111",7247.99,2011,4,7,14,8,58.69,-11.47,1.00,38,-70,9080,7248
"FO","OW2252","1111",7248.99,2011,4,7,14,27,58.69,-11.50,1.00,38,-70,9080,7249
"FO","OW2252","1111",7249.99,2011,4,7,14,43,58.69,-11.53,1.00,38,-70,9080,7250
"FO","OW2252","1111",7250.99,2011,4,7,15,0,58.69,-11.57,1.00,38,-70,9080,7251
"FO","OW2252","1111",7251.99,2011,4,7,15,18,58.69,-11.60,1.00,38,-70,9080,7252
"FO","OW2252","1111",7252.99,2011,4,7,15,36,58.69,-11.63,1.00,38,-70,9080,7253
"FO","OW2252","1111",7253.99,2011,4,7,15,53,58.69,-11.66,1.00,38,-70,9080,7254
"FO","OW2252","1111",7254.99,2011,4,7,16,11,58.69,-11.69,1.00,38,-70,9080,7255
"FO","OW2252","1111",7255.99,2011,4,7,16,27,58.69,-11.72,1.00,38,-70,9080,7256
"FO","OW2252","1111",7256.99,2011,4,7,16,45,58.69,-11.76,1.00,38,-70,9080,7257
"FO","OW2252","1111",7257.99,2011,4,7,17,2,58.69,-11.79,1.00,38,-70,9080,7258
"FO","OW2252","1111",7258.99,2011,4,7,17,17,58.69,-11.82,1.00,38,-70,9080,7259
"FO","OW2252","1111",7259.99,2011,4,7,17,32,58.69,-11.85,1.00,38,-70,9080,7260
"FO","OW2252","1111",7260.99,2011,4,7,17,48,58.69,-11.88,1.00,38,-70,9080,7261
"FO","OW2252","1111",7261.99,2011,4,7,18,5,58.70,-11.91,1.00,38,-70,9080,7262
"FO","OW2252","1111",7262.99,2011,4,7,18,22,58.69,-11.95,1.00,38,-70,9080,7263
"FO","OW2252","1111",7263.99,2011,4,7,18,37,58.69,-11.98,1.00,38,-70,9080,7264
"FO","OW2252","1111",7264.99,2011,4,7,18,53,58.70,-12.01,1.00,38,-70,9080,7265
"FO","OW2252","1111",7265.99,2011,4,7,19,8,58.70,-12.04,1.00,38,-70,9080,7266
"FO","OW2252","1111",7266.99,2011,4,7,19,25,58.70,-12.07,1.00,38,-70,9080,7267
"FO","OW2252","1111",7267.99,2011,4,7,19,39,58.70,-12.10,1.00,38,-70,9080,7268
"FO","OW2252","1111",7268.99,2011,4,7,19,55,58.70,-12.13,1.00,38,-70,9080,7269
"FO","OW2252","1111",7269.99,2011,4,7,20,11,58.70,-12.17,1.00,38,-70,9080,7270
"FO","OW2252","1111",7270.99,2011,4,7,20,28,58.70,-12.20,1.00,38,-70,9080,7271
"FO","OW2252","1111",7271.99,2011,4,7,20,45,58.70,-12.23,1.00,38,-70,9080,7272
"FO","OW2252","1111",7272.99,2011,4,7,21,4,58.70,-12.27,1.00,38,-70,9080,7273
"FO","OW2252","1111",7273.99,2011,4,7,21,24,58.70,-12.31,1.00,38,-70,9080,7274
"FO","OW2252","1111",7274.99,2011,4,7,21,39,58.69,-12.34,1.00,38,-70,9080,7275
"FO","OW2252","1111",7275.99,2011,4,7,21,56,58.69,-12.37,1.00,38,-70,9080,7276
"FO","OW2252","1111",7276.99,2011,4,7,22,16,58.69,-12.41,1.00,38,-70,9080,7277
"FO","OW2252","1111",7277.99,2011,4,7,22,34,58.70,-12.44,1.00,38,-70,9080,7278
"FO","OW2252","1111",7278.99,2011,4,7,22,51,58.70,-12.47,1.00,38,-70,9080,7279
"FO","OW2252","1111",7279.99,2011,4,7,23,9,58.69,-12.50,1.00,38,-70,9080,7280
"FO","OW2252","1111",7280.16,2011,4,7,23,15,58.69,-12.50,0.20,38,-70,9080,7281
"FO","OW2252","1111",7281.99,2011,4,8,0,1,58.69,-12.49,0.70,38,-70,9080,7282
"FO","OW2252","1111",7282.99,2011,4,8,0,12,58.71,-12.49,1.00,38,-70,9080,7283
"FO","OW2252","1111",7283.99,2011,4,8,0,22,58.73,-12.49,1.00,38,-70,9080,7284
"FO","OW2252","1111",7284.99,2011,4,8,0,31,58.74,-12.49,1.00,38,-70,9080,7285
"FO","OW2252","1111",7285.99,2011,4,8,0,40,58.76,-12.50,1.00,38,-70,9080,7286
"FO","OW2252","1111",7286.99,2011,4,8,0,49,58.78,-12.50,1.00,38,-70,9080,7287
"FO","OW2252","1111",7287.99,2011,4,8,0,57,58.79,-12.50,1.00,38,-70,9080,7288
"FO","OW2252","1111",7288.99,2011,4,8,1,6,58.81,-12.50,1.00,38,-70,9080,7289
"FO","OW2252","1111",7289.99,2011,4,8,1,14,58.83,-12.50,1.00,38,-70,9080,7290
"FO","OW2252","1111",7290.99,2011,4,8,1,23,58.85,-12.50,1.00,38,-70,9080,7291
"FO","OW2252","1111",7291.99,2011,4,8,1,31,58.86,-12.50,1.00,38,-70,9080,7292
"FO","OW2252","1111",7292.99,2011,4,8,1,38,58.88,-12.50,1.00,38,-70,9080,7293
"FO","OW2252","1111",7293.99,2011,4,8,1,46,58.90,-12.50,1.00,38,-70,9080,7294
"FO","OW2252","1111",7294.31,2011,4,8,1,48,58.90,-12.50,0.30,38,-70,9080,7295
"FO","OW2252","1111",7294.99,2011,4,8,1,53,58.91,-12.50,0.70,38,-70,9099,7295
"FO","OW2252","1111",7295.99,2011,4,8,2,0,58.93,-12.50,1.00,38,-70,9099,7296
"FO","OW2252","1111",7296.99,2011,4,8,2,8,58.95,-12.50,1.00,38,-70,9099,7297
"FO","OW2252","1111",7297.99,2011,4,8,2,15,58.97,-12.50,1.00,38,-70,9099,7298
"FO","OW2252","1111",7298.99,2011,4,8,2,22,58.98,-12.50,1.00,38,-70,9099,7299
"FO","OW2252","1111",7299.99,2011,4,8,2,29,59.00,-12.50,1.00,38,-70,9099,7300
"FO","OW2252","1111",7300.99,2011,4,8,2,36,59.02,-12.50,1.00,38,-70,9099,7301
"FO","OW2252","1111",7301.99,2011,4,8,2,43,59.03,-12.50,1.00,38,-70,9099,7302
"FO","OW2252","1111",7302.99,2011,4,8,2,50,59.05,-12.50,1.00,38,-70,9099,7303
"FO","OW2252","1111",7303.99,2011,4,8,2,57,59.07,-12.50,1.00,38,-70,9099,7304
"FO","OW2252","1111",7304.99,2011,4,8,3,4,59.08,-12.50,1.00,38,-70,9099,7305
"FO","OW2252","1111",7305.99,2011,4,8,3,11,59.10,-12.50,1.00,38,-70,9099,7306
"FO","OW2252","1111",7306.99,2011,4,8,3,17,59.12,-12.50,1.00,38,-70,9099,7307
"FO","OW2252","1111",7307.99,2011,4,8,3,24,59.14,-12.50,1.00,38,-70,9099,7308
"FO","OW2252","1111",7308.99,2011,4,8,3,31,59.15,-12.50,1.00,38,-70,9099,7309
"FO","OW2252","1111",7309.99,2011,4,8,3,38,59.17,-12.50,1.00,38,-70,9099,7310
"FO","OW2252","1111",7310.99,2011,4,8,3,45,59.19,-12.50,1.00,38,-70,9099,7311
"FO","OW2252","1111",7311.99,2011,4,8,4,8,59.20,-12.49,1.00,38,-70,9099,7312
"FO","OW2252","1111",7312.99,2011,4,8,4,43,59.20,-12.46,1.00,38,-70,9099,7313
"FO","OW2252","1111",7313.99,2011,4,8,4,49,59.20,-12.43,1.00,38,-70,9099,7314
"FO","OW2252","1111",7314.99,2011,4,8,4,55,59.20,-12.40,1.00,38,-70,9099,7315
"FO","OW2252","1111",7315.99,2011,4,8,5,1,59.20,-12.37,1.00,38,-70,9099,7316
"FO","OW2252","1111",7316.99,2011,4,8,5,7,59.20,-12.33,1.00,38,-70,9099,7317
"FO","OW2252","1111",7317.99,2011,4,8,5,14,59.20,-12.30,1.00,38,-70,9099,7318
"FO","OW2252","1111",7318.99,2011,4,8,5,20,59.19,-12.27,1.00,38,-70,9099,7319
"FO","OW2252","1111",7319.99,2011,4,8,5,27,59.19,-12.23,1.00,38,-70,9099,7320
"FO","OW2252","1111",7320.99,2011,4,8,5,33,59.19,-12.20,1.00,38,-70,9099,7321
"FO","OW2252","1111",7321.99,2011,4,8,5,40,59.19,-12.17,1.00,38,-70,9099,7322
"FO","OW2252","1111",7322.99,2011,4,8,5,46,59.19,-12.13,1.00,38,-70,9099,7323
"FO","OW2252","1111",7323.99,2011,4,8,5,53,59.20,-12.10,1.00,38,-70,9099,7324
"FO","OW2252","1111",7324.99,2011,4,8,6,0,59.20,-12.07,1.00,38,-70,9099,7325
"FO","OW2252","1111",7325.99,2011,4,8,6,8,59.20,-12.03,1.00,38,-70,9099,7326
"FO","OW2252","1111",7326.99,2011,4,8,6,28,59.19,-12.00,1.00,38,-70,9099,7327
"FO","OW2252","1111",7327.99,2011,4,8,6,41,59.19,-11.97,1.00,38,-70,9099,7328
"FO","OW2252","1111",7328.99,2011,4,8,6,59,59.19,-11.93,1.00,38,-70,9099,7329
"FO","OW2252","1111",7329.99,2011,4,8,7,20,59.19,-11.90,1.00,38,-70,9099,7330
"FO","OW2252","1111",7330.99,2011,4,8,7,39,59.19,-11.87,1.00,38,-70,9099,7331
"FO","OW2252","1111",7331.99,2011,4,8,8,1,59.19,-11.84,1.00,38,-70,9099,7332
"FO","OW2252","1111",7332.99,2011,4,8,8,33,59.19,-11.81,1.00,38,-70,9099,7333
"FO","OW2252","1111",7333.99,2011,4,8,8,58,59.19,-11.77,1.00,38,-70,9099,7334
"FO","OW2252","1111",7334.99,2011,4,8,9,17,59.19,-11.75,1.00,38,-70,9099,7335
"FO","OW2252","1111",7335.99,2011,4,8,9,36,59.19,-11.71,1.00,38,-70,9099,7336
"FO","OW2252","1111",7336.99,2011,4,8,9,54,59.19,-11.68,1.00,38,-70,9099,7337
"FO","OW2252","1111",7337.99,2011,4,8,10,13,59.19,-11.65,1.00,38,-70,9099,7338
"FO","OW2252","1111",7338.99,2011,4,8,10,39,59.19,-11.62,1.00,38,-70,9099,7339
"FO","OW2252","1111",7339.99,2011,4,8,10,57,59.19,-11.59,1.00,38,-70,9099,7340
"FO","OW2252","1111",7340.99,2011,4,8,11,4,59.19,-11.55,1.00,38,-70,9099,7341
"FO","OW2252","1111",7341.99,2011,4,8,11,10,59.19,-11.52,1.00,38,-70,9099,7342
"FO","OW2252","1111",7342.99,2011,4,8,11,17,59.19,-11.49,1.00,38,-70,9099,7343
"FO","OW2252","1111",7343.99,2011,4,8,11,23,59.19,-11.46,1.00,38,-70,9099,7344
"FO","OW2252","1111",7344.99,2011,4,8,11,30,59.19,-11.42,1.00,38,-70,9099,7345
"FO","OW2252","1111",7345.99,2011,4,8,11,37,59.20,-11.39,1.00,38,-70,9099,7346
"FO","OW2252","1111",7346.99,2011,4,8,11,47,59.20,-11.36,1.00,38,-70,9099,7347
"FO","OW2252","1111",7347.99,2011,4,8,12,8,59.19,-11.32,1.00,38,-70,9099,7348
"FO","OW2252","1111",7348.99,2011,4,8,12,23,59.20,-11.30,1.00,38,-70,9099,7349
"FO","OW2252","1111",7349.99,2011,4,8,12,39,59.20,-11.32,1.00,38,-70,9099,7350
"FO","OW2252","1111",7350.99,2011,4,8,12,59,59.20,-11.29,1.00,38,-70,9099,7351
"FO","OW2252","1111",7351.99,2011,4,8,13,14,59.21,-11.27,1.00,38,-70,9099,7352
"FO","OW2252","1111",7352.99,2011,4,8,13,34,59.20,-11.24,1.00,38,-70,9099,7353
"FO","OW2252","1111",7353.99,2011,4,8,14,1,59.19,-11.20,1.00,38,-70,9099,7354
"FO","OW2252","1111",7354.99,2011,4,8,14,10,59.19,-11.15,1.00,38,-70,9099,7355
"FO","OW2252","1111",7355.99,2011,4,8,14,17,59.19,-11.11,1.00,38,-70,9099,7356
"FO","OW2252","1111",7356.99,2011,4,8,14,24,59.20,-11.08,1.00,38,-70,9099,7357
"FO","OW2252","1111",7357.99,2011,4,8,14,30,59.19,-11.04,1.00,38,-70,9099,7358
"FO","OW2252","1111",7358.99,2011,4,8,14,36,59.19,-11.01,1.00,38,-70,9099,7359
"FO","OW2252","1111",7359.99,2011,4,8,15,26,59.19,-11.00,1.00,38,-70,9099,7360
"FO","OW2252","1111",7360.99,2011,4,8,15,46,59.19,-10.97,1.00,38,-70,9099,7361
"FO","OW2252","1111",7361.99,2011,4,8,15,52,59.19,-10.94,1.00,38,-70,9099,7362
"FO","OW2252","1111",7362.99,2011,4,8,15,59,59.20,-10.90,1.00,38,-70,9099,7363
"FO","OW2252","1111",7363.99,2011,4,8,16,6,59.20,-10.87,1.00,38,-70,9099,7364
"FO","OW2252","1111",7364.99,2011,4,8,16,12,59.20,-10.83,1.00,38,-70,9099,7365
"FO","OW2252","1111",7365.99,2011,4,8,16,19,59.20,-10.80,1.00,38,-70,9099,7366
"FO","OW2252","1111",7366.99,2011,4,8,16,25,59.20,-10.76,1.00,38,-70,9099,7367
"FO","OW2252","1111",7367.99,2011,4,8,16,31,59.20,-10.73,1.00,38,-70,9099,7368
"FO","OW2252","1111",7368.99,2011,4,8,16,37,59.20,-10.70,1.00,38,-70,9099,7369
"FO","OW2252","1111",7369.99,2011,4,8,16,44,59.20,-10.66,1.00,38,-70,9099,7370
"FO","OW2252","1111",7370.99,2011,4,8,16,49,59.20,-10.63,1.00,38,-70,9099,7371
"FO","OW2252","1111",7371.99,2011,4,8,16,55,59.20,-10.60,1.00,38,-70,9099,7372
"FO","OW2252","1111",7372.99,2011,4,8,17,1,59.20,-10.57,1.00,38,-70,9099,7373
"FO","OW2252","1111",7373.99,2011,4,8,17,7,59.20,-10.53,1.00,38,-70,9099,7374
"FO","OW2252","1111",7374.99,2011,4,8,17,13,59.20,-10.50,1.00,38,-70,9099,7375
"FO","OW2252","1111",7375.99,2011,4,8,17,19,59.20,-10.47,1.00,38,-70,9099,7376
"FO","OW2252","1111",7376.99,2011,4,8,17,25,59.20,-10.43,1.00,38,-70,9099,7377
"FO","OW2252","1111",7377.99,2011,4,8,17,30,59.20,-10.40,1.00,38,-70,9099,7378
"FO","OW2252","1111",7378.99,2011,4,8,17,36,59.20,-10.37,1.00,38,-70,9099,7379
"FO","OW2252","1111",7379.99,2011,4,8,17,42,59.20,-10.34,1.00,38,-70,9099,7380
"FO","OW2252","1111",7380.99,2011,4,8,17,47,59.20,-10.30,1.00,38,-70,9099,7381
"FO","OW2252","1111",7381.99,2011,4,8,17,53,59.20,-10.27,1.00,38,-70,9099,7382
"FO","OW2252","1111",7382.99,2011,4,8,17,59,59.19,-10.23,1.00,38,-70,9099,7383
"FO","OW2252","1111",7383.99,2011,4,8,18,5,59.19,-10.20,1.00,38,-70,9099,7384
"FO","OW2252","1111",7384.99,2011,4,8,18,11,59.19,-10.16,1.00,38,-70,9099,7385
"FO","OW2252","1111",7385.99,2011,4,8,18,17,59.19,-10.13,1.00,38,-70,9099,7386
"FO","OW2252","1111",7386.99,2011,4,8,18,23,59.19,-10.10,1.00,38,-70,9099,7387
"FO","OW2252","1111",7387.99,2011,4,8,18,29,59.19,-10.06,1.00,38,-70,9099,7388
"FO","OW2252","1111",7388.99,2011,4,8,18,34,59.20,-10.03,1.00,38,-70,9099,7389
"FO","OW2252","1111",7389.99,2011,4,8,18,40,59.20,-10.00,1.00,38,-70,9099,7390
"FO","OW2252","1111",7390.99,2011,4,8,18,45,59.20,-9.97,1.00,38,-70,9099,7391
"FO","OW2252","1111",7391.99,2011,4,8,18,51,59.20,-9.93,1.00,38,-70,9099,7392
"FO","OW2252","1111",7392.99,2011,4,8,18,57,59.20,-9.90,1.00,38,-70,9099,7393
"FO","OW2252","1111",7393.99,2011,4,8,19,2,59.20,-9.87,1.00,38,-70,9099,7394
"FO","OW2252","1111",7394.99,2011,4,8,19,8,59.20,-9.83,1.00,38,-70,9099,7395
"FO","OW2252","1111",7395.99,2011,4,8,19,14,59.20,-9.80,1.00,38,-70,9099,7396
"FO","OW2252","1111",7396.99,2011,4,8,19,21,59.20,-9.76,1.00,38,-70,9099,7397
"FO","OW2252","1111",7397.99,2011,4,8,19,28,59.20,-9.72,1.00,38,-70,9099,7398
"FO","OW2252","1111",7398.99,2011,4,8,19,35,59.20,-9.68,1.00,38,-70,9099,7399
"FO","OW2252","1111",7399.99,2011,4,8,19,47,59.20,-9.61,1.00,38,-70,9099,7400
"FO","OW2252","1111",7400.99,2011,4,8,20,2,59.20,-9.52,1.00,38,-70,9099,7401
"FO","OW2252","1111",7401.99,2011,4,8,20,20,59.20,-9.41,1.00,38,-70,9099,7402
"FO","OW2252","1111",7402.99,2011,4,8,20,32,59.20,-9.34,1.00,38,-70,9099,7403
"FO","OW2252","1111",7403.99,2011,4,8,20,42,59.20,-9.28,1.00,38,-70,9099,7404
"FO","OW2252","1111",7404.99,2011,4,8,20,50,59.20,-9.23,1.00,38,-70,9099,7405
"FO","OW2252","1111",7405.99,2011,4,8,20,58,59.20,-9.18,1.00,38,-70,9099,7406
"FO","OW2252","1111",7406.99,2011,4,8,21,5,59.20,-9.14,1.00,38,-70,9099,7407
"FO","OW2252","1111",7407.99,2011,4,8,21,12,59.20,-9.10,1.00,38,-70,9099,7408
"FO","OW2252","1111",7408.99,2011,4,8,21,17,59.20,-9.06,1.00,38,-70,9099,7409
"FO","OW2252","1111",7409.98,2011,4,8,21,23,59.20,-9.03,1.00,38,-70,9099,7410
"FO","OW2252","1111",7410.99,2011,4,8,21,29,59.20,-9.00,1.00,38,-70,9099,7411
"FO","OW2252","1111",7411.99,2011,4,8,22,16,59.20,-8.97,1.00,38,-70,9099,7412
"FO","OW2252","1111",7412.99,2011,4,8,22,22,59.20,-8.93,1.00,38,-70,9099,7413
"FO","OW2252","1111",7413.99,2011,4,8,22,28,59.20,-8.90,1.00,38,-70,9099,7414
"FO","OW2252","1111",7414.99,2011,4,8,22,33,59.20,-8.87,1.00,38,-70,9099,7415
"FO","OW2252","1111",7415.99,2011,4,8,22,39,59.20,-8.83,1.00,38,-70,9099,7416
"FO","OW2252","1111",7416.99,2011,4,8,22,45,59.20,-8.80,1.00,38,-70,9099,7417
"FO","OW2252","1111",7417.99,2011,4,8,22,50,59.20,-8.77,1.00,38,-70,9099,7418
"FO","OW2252","1111",7418.99,2011,4,8,22,56,59.20,-8.74,1.00,38,-70,9099,7419
"FO","OW2252","1111",7419.99,2011,4,8,23,1,59.20,-8.70,1.00,38,-70,9099,7420
"FO","OW2252","1111",7420.99,2011,4,8,23,7,59.20,-8.67,1.00,38,-70,9099,7421
"FO","OW2252","1111",7421.99,2011,4,8,23,13,59.20,-8.64,1.00,38,-70,9099,7422
"FO","OW2252","1111",7422.99,2011,4,8,23,18,59.20,-8.61,1.00,38,-70,9099,7423
"FO","OW2252","1111",7423.99,2011,4,8,23,24,59.20,-8.57,1.00,38,-70,9099,7424
"FO","OW2252","1111",7424.99,2011,4,8,23,30,59.20,-8.54,1.00,38,-70,9099,7425
"FO","OW2252","1111",7425.99,2011,4,8,23,35,59.20,-8.51,1.00,38,-70,9099,7426
"FO","OW2252","1111",7426.99,2011,4,8,23,41,59.20,-8.47,1.00,38,-70,9099,7427
"FO","OW2252","1111",7427.99,2011,4,8,23,47,59.20,-8.44,1.00,38,-70,9099,7428
"FO","OW2252","1111",7428.99,2011,4,8,23,52,59.19,-8.41,1.00,38,-70,9099,7429
"FO","OW2252","1111",7429.99,2011,4,8,23,58,59.19,-8.38,1.00,38,-70,9099,7430
"FO","OW2252","1111",7430.99,2011,4,9,0,4,59.19,-8.35,1.00,38,-70,9099,7431
"FO","OW2252","1111",7431.99,2011,4,9,0,10,59.19,-8.31,1.00,38,-70,9099,7432
"FO","OW2252","1111",7432.99,2011,4,9,0,16,59.19,-8.28,1.00,38,-70,9099,7433
"FO","OW2252","1111",7433.99,2011,4,9,0,21,59.19,-8.25,1.00,38,-70,9099,7434
"FO","OW2252","1111",7434.99,2011,4,9,0,27,59.19,-8.22,1.00,38,-70,9099,7435
"FO","OW2252","1111",7435.99,2011,4,9,0,33,59.19,-8.18,1.00,38,-70,9099,7436
"FO","OW2252","1111",7436.99,2011,4,9,0,39,59.19,-8.15,1.00,38,-70,9099,7437
"FO","OW2252","1111",7437.99,2011,4,9,0,45,59.19,-8.12,1.00,38,-70,9099,7438
"FO","OW2252","1111",7438.99,2011,4,9,0,50,59.19,-8.09,1.00,38,-70,9099,7439
"FO","OW2252","1111",7439.99,2011,4,9,0,56,59.19,-8.05,1.00,38,-70,9099,7440
"FO","OW2252","1111",7440.99,2011,4,9,1,2,59.19,-8.02,1.00,38,-70,9099,7441
"FO","OW2252","1111",7441.99,2011,4,9,1,8,59.19,-7.99,1.00,38,-70,9099,7442
"FO","OW2252","1111",7442.99,2011,4,9,1,14,59.19,-7.96,1.00,38,-70,9099,7443
"FO","OW2252","1111",7443.99,2011,4,9,1,20,59.19,-7.92,1.00,38,-70,9099,7444
"FO","OW2252","1111",7444.99,2011,4,9,1,26,59.19,-7.89,1.00,38,-70,9099,7445
"FO","OW2252","1111",7445.99,2011,4,9,1,32,59.19,-7.86,1.00,38,-70,9099,7446
"FO","OW2252","1111",7446.99,2011,4,9,1,38,59.20,-7.83,0.70,38,-70,9123,7447
"FO","OW2252","1111",7447.99,2011,4,9,1,44,59.20,-7.80,1.00,38,-70,9123,7448
"FO","OW2252","1111",7448.99,2011,4,9,1,50,59.20,-7.76,1.00,38,-70,9123,7449
"FO","OW2252","1111",7449.99,2011,4,9,1,56,59.20,-7.73,1.00,38,-70,9123,7450
"FO","OW2252","1111",7450.99,2011,4,9,2,3,59.20,-7.70,1.00,38,-70,9123,7451
"FO","OW2252","1111",7451.99,2011,4,9,2,9,59.20,-7.66,1.00,38,-70,9123,7452
"FO","OW2252","1111",7452.99,2011,4,9,2,15,59.20,-7.63,1.00,38,-70,9123,7453
"FO","OW2252","1111",7453.99,2011,4,9,2,23,59.19,-7.59,1.00,38,-70,9123,7454
"FO","OW2252","1111",7454.99,2011,4,9,2,30,59.19,-7.55,1.00,38,-70,9123,7455
"FO","OW2252","1111",7455.99,2011,4,9,2,37,59.19,-7.51,1.00,38,-70,9123,7456
"FO","OW2252","1111",7456.99,2011,4,9,3,11,59.20,-7.48,1.00,38,-70,9123,7457
"FO","OW2252","1111",7457.99,2011,4,9,3,31,59.21,-7.46,1.00,38,-70,9123,7458
"FO","OW2252","1111",7458.99,2011,4,9,3,39,59.23,-7.44,1.00,38,-70,9123,7459
"FO","OW2252","1111",7459.99,2011,4,9,3,46,59.24,-7.41,1.00,38,-70,9123,7460
"FO","OW2252","1111",7460.99,2011,4,9,3,54,59.26,-7.38,1.00,38,-70,9123,7461
"FO","OW2252","1111",7461.99,2011,4,9,4,0,59.28,-7.36,1.00,38,-70,9123,7462
"FO","OW2252","1111",7462.99,2011,4,9,4,8,59.29,-7.33,1.00,38,-70,9123,7463
"FO","OW2252","1111",7463.99,2011,4,9,4,14,59.31,-7.31,1.00,38,-70,9123,7464
"FO","OW2252","1111",7464.99,2011,4,9,4,21,59.32,-7.29,1.00,38,-70,9123,7465
"FO","OW2252","1111",7465.99,2011,4,9,4,27,59.34,-7.27,1.00,38,-70,9123,7466
"FO","OW2252","1111",7466.99,2011,4,9,4,33,59.35,-7.25,1.00,38,-70,9123,7467
"FO","OW2252","1111",7467.99,2011,4,9,4,38,59.37,-7.23,1.00,38,-70,9123,7468
"FO","OW2252","1111",7468.99,2011,4,9,4,44,59.38,-7.21,1.00,38,-70,9123,7469
"FO","OW2252","1111",7469.99,2011,4,9,4,49,59.39,-7.19,1.00,38,-70,9123,7470
"FO","OW2252","1111",7470.99,2011,4,9,4,55,59.41,-7.17,1.00,38,-70,9123,7471
"FO","OW2252","1111",7471.99,2011,4,9,5,1,59.42,-7.15,1.00,38,-70,9123,7472
"FO","OW2252","1111",7472.99,2011,4,9,5,6,59.44,-7.13,1.00,38,-70,9123,7473
"FO","OW2252","1111",7473.99,2011,4,9,5,12,59.45,-7.11,1.00,38,-70,9123,7474
"FO","OW2252","1111",7474.99,2011,4,9,5,17,59.46,-7.10,1.00,38,-70,9123,7475
"FO","OW2252","1111",7475.99,2011,4,9,5,23,59.48,-7.08,1.00,38,-70,9123,7476
"FO","OW2252","1111",7476.99,2011,4,9,5,29,59.49,-7.06,1.00,38,-70,9123,7477
"FO","OW2252","1111",7477.99,2011,4,9,5,35,59.50,-7.04,1.00,38,-70,9123,7478
"FO","OW2252","1111",7478.99,2011,4,9,5,40,59.52,-7.02,1.00,38,-70,9123,7479
"FO","OW2252","1111",7479.99,2011,4,9,5,46,59.53,-7.00,1.00,38,-70,9123,7480
"FO","OW2252","1111",7480.99,2011,4,9,5,52,59.54,-6.98,1.00,38,-70,9123,7481
"FO","OW2252","1111",7481.99,2011,4,9,5,58,59.56,-6.96,1.00,38,-70,9123,7482
"FO","OW2252","1111",7482.99,2011,4,9,6,3,59.57,-6.94,1.00,38,-70,9123,7483
"FO","OW2252","1111",7483.99,2011,4,9,6,9,59.58,-6.92,1.00,38,-70,9123,7484
"FO","OW2252","1111",7484.99,2011,4,9,6,15,59.60,-6.90,1.00,38,-70,9123,7485
"FO","OW2252","1111",7485.99,2011,4,9,6,21,59.61,-6.88,1.00,38,-70,9123,7486
"FO","OW2252","1111",7486.99,2011,4,9,6,26,59.62,-6.85,1.00,38,-70,9123,7487
"FO","OW2252","1111",7487.99,2011,4,9,6,32,59.64,-6.83,1.00,38,-70,9123,7488
"FO","OW2252","1111",7488.99,2011,4,9,6,38,59.65,-6.81,1.00,38,-70,9123,7489
"FO","OW2252","1111",7489.99,2011,4,9,6,44,59.66,-6.79,1.00,38,-70,9123,7490
"FO","OW2252","1111",7490.99,2011,4,9,6,50,59.68,-6.77,1.00,38,-70,9123,7491
"FO","OW2252","1111",7491.99,2011,4,9,6,55,59.69,-6.75,1.00,38,-70,9123,7492
"FO","OW2252","1111",7492.99,2011,4,9,7,34,59.70,-6.74,1.00,38,-70,9123,7493
"FO","OW2252","1111",7493.99,2011,4,9,7,51,59.70,-6.76,1.00,38,-70,9123,7494
"FO","OW2252","1111",7494.99,2011,4,9,8,2,59.70,-6.79,1.00,38,-70,9123,7495
"FO","OW2252","1111",7495.99,2011,4,9,8,26,59.70,-6.82,1.00,38,-70,9123,7496
"FO","OW2252","1111",7496.99,2011,4,9,8,47,59.70,-6.86,1.00,38,-70,9123,7497
"FO","OW2252","1111",7497.99,2011,4,9,9,1,59.69,-6.88,1.00,38,-70,9123,7498
"FO","OW2252","1111",7498.99,2011,4,9,9,20,59.67,-6.88,1.00,38,-70,9123,7499
"FO","OW2252","1111",7499.99,2011,4,9,9,40,59.66,-6.88,1.00,38,-70,9123,7500
"FO","OW2252","1111",7500.99,2011,4,9,10,1,59.64,-6.88,1.00,38,-70,9123,7501
"FO","OW2252","1111",7501.99,2011,4,9,10,32,59.62,-6.88,1.00,38,-70,9123,7502
"FO","OW2252","1111",7502.99,2011,4,9,10,58,59.62,-6.91,1.00,38,-70,9123,7503
"FO","OW2252","1111",7503.99,2011,4,9,11,4,59.62,-6.94,1.00,38,-70,9123,7504
"FO","OW2252","1111",7504.99,2011,4,9,11,10,59.62,-6.97,1.00,38,-70,9123,7505
"FO","OW2252","1111",7505.99,2011,4,9,11,16,59.62,-7.01,1.00,38,-70,9123,7506
"FO","OW2252","1111",7506.99,2011,4,9,11,22,59.63,-7.04,1.00,38,-70,9123,7507
"FO","OW2252","1111",7507.99,2011,4,9,11,27,59.63,-7.07,1.00,38,-70,9123,7508
"FO","OW2252","1111",7508.99,2011,4,9,11,33,59.63,-7.10,1.00,38,-70,9123,7509
"FO","OW2252","1111",7509.99,2011,4,9,11,39,59.63,-7.14,1.00,38,-70,9123,7510
"FO","OW2252","1111",7510.99,2011,4,9,11,45,59.63,-7.17,1.00,38,-70,9123,7511
"FO","OW2252","1111",7511.99,2011,4,9,11,51,59.64,-7.20,1.00,38,-70,9123,7512
"FO","OW2252","1111",7512.99,2011,4,9,11,57,59.64,-7.24,1.00,38,-70,9123,7513
"FO","OW2252","1111",7513.99,2011,4,9,12,3,59.64,-7.27,1.00,38,-70,9123,7514
"FO","OW2252","1111",7514.99,2011,4,9,12,8,59.65,-7.30,1.00,38,-70,9123,7515
"FO","OW2252","1111",7515.99,2011,4,9,12,14,59.65,-7.33,1.00,38,-70,9123,7516
"FO","OW2252","1111",7516.99,2011,4,9,12,20,59.65,-7.37,1.00,38,-70,9123,7517
"FO","OW2252","1111",7517.99,2011,4,9,12,26,59.66,-7.40,1.00,38,-70,9123,7518
"FO","OW2252","1111",7518.99,2011,4,9,12,31,59.66,-7.43,1.00,38,-70,9123,7519
"FO","OW2252","1111",7519.99,2011,4,9,12,37,59.66,-7.46,1.00,38,-70,9123,7520
"FO","OW2252","1111",7520.99,2011,4,9,12,43,59.66,-7.50,1.00,38,-70,9123,7521
"FO","OW2252","1111",7521.99,2011,4,9,12,49,59.66,-7.53,1.00,38,-70,9123,7522
"FO","OW2252","1111",7522.99,2011,4,9,12,55,59.67,-7.56,1.00,38,-70,9123,7523
"FO","OW2252","1111",7523.99,2011,4,9,13,0,59.67,-7.59,1.00,38,-70,9123,7524
"FO","OW2252","1111",7524.99,2011,4,9,13,6,59.67,-7.63,1.00,38,-70,9123,7525
"FO","OW2252","1111",7525.99,2011,4,9,13,12,59.67,-7.66,1.00,38,-70,9123,7526
"FO","OW2252","1111",7526.99,2011,4,9,13,18,59.67,-7.69,1.00,38,-70,9123,7527
"FO","OW2252","1111",7527.99,2011,4,9,13,23,59.67,-7.72,1.00,38,-70,9123,7528
"FO","OW2252","1111",7528.99,2011,4,9,13,29,59.67,-7.76,1.00,38,-70,9123,7529
"FO","OW2252","1111",7529.99,2011,4,9,13,35,59.67,-7.79,1.00,38,-70,9123,7530
"FO","OW2252","1111",7530.99,2011,4,9,13,41,59.67,-7.82,1.00,38,-70,9123,7531
"FO","OW2252","1111",7531.99,2011,4,9,13,47,59.67,-7.86,1.00,38,-70,9123,7532
"FO","OW2252","1111",7532.99,2011,4,9,13,52,59.67,-7.89,1.00,38,-70,9123,7533
"FO","OW2252","1111",7533.99,2011,4,9,13,58,59.67,-7.92,1.00,38,-70,9123,7534
"FO","OW2252","1111",7534.99,2011,4,9,14,4,59.68,-7.95,1.00,38,-70,9123,7535
"FO","OW2252","1111",7535.99,2011,4,9,14,10,59.68,-7.99,1.00,38,-70,9123,7536
"FO","OW2252","1111",7536.99,2011,4,9,14,16,59.68,-8.02,1.00,38,-70,9123,7537
"FO","OW2252","1111",7537.99,2011,4,9,14,21,59.68,-8.05,1.00,38,-70,9123,7538
"FO","OW2252","1111",7538.99,2011,4,9,14,27,59.68,-8.09,1.00,38,-70,9123,7539
"FO","OW2252","1111",7539.99,2011,4,9,14,33,59.68,-8.12,1.00,38,-70,9123,7540
"FO","OW2252","1111",7540.99,2011,4,9,14,39,59.68,-8.15,1.00,38,-70,9123,7541
"FO","OW2252","1111",7541.99,2011,4,9,14,45,59.68,-8.18,1.00,38,-70,9123,7542
"FO","OW2252","1111",7542.99,2011,4,9,14,51,59.69,-8.22,1.00,38,-70,9123,7543
"FO","OW2252","1111",7543.99,2011,4,9,14,57,59.69,-8.25,1.00,38,-70,9123,7544
"FO","OW2252","1111",7544.99,2011,4,9,15,3,59.69,-8.28,1.00,38,-70,9123,7545
"FO","OW2252","1111",7545.99,2011,4,9,15,8,59.69,-8.31,1.00,38,-70,9123,7546
"FO","OW2252","1111",7546.99,2011,4,9,15,14,59.69,-8.35,1.00,38,-70,9123,7547
"FO","OW2252","1111",7547.99,2011,4,9,15,20,59.69,-8.38,1.00,38,-70,9123,7548
"FO","OW2252","1111",7548.99,2011,4,9,15,26,59.69,-8.41,1.00,38,-70,9123,7549
"FO","OW2252","1111",7549.99,2011,4,9,15,32,59.69,-8.45,1.00,38,-70,9123,7550
"FO","OW2252","1111",7550.99,2011,4,9,15,38,59.69,-8.48,1.00,38,-70,9123,7551
"FO","OW2252","1111",7551.99,2011,4,9,16,8,59.70,-8.50,1.00,38,-70,9123,7552
"FO","OW2252","1111",7552.99,2011,4,9,16,36,59.71,-8.52,1.00,38,-70,9123,7553
"FO","OW2252","1111",7553.99,2011,4,9,16,44,59.71,-8.55,1.00,38,-70,9123,7554
"FO","OW2252","1111",7554.99,2011,4,9,16,51,59.71,-8.59,1.00,38,-70,9123,7555
"FO","OW2252","1111",7555.99,2011,4,9,17,0,59.71,-8.63,1.00,38,-70,9123,7556
"FO","OW2252","1111",7556.99,2011,4,9,17,9,59.70,-8.68,1.00,38,-70,9123,7557
"FO","OW2252","1111",7557.99,2011,4,9,17,16,59.70,-8.72,1.00,38,-70,9123,7558
"FO","OW2252","1111",7558.99,2011,4,9,17,24,59.70,-8.77,1.00,38,-70,9123,7559
"FO","OW2252","1111",7559.99,2011,4,9,17,33,59.70,-8.82,1.00,38,-70,9123,7560
"FO","OW2252","1111",7560.99,2011,4,9,17,40,59.70,-8.86,1.00,38,-70,9123,7561
"FO","OW2252","1111",7561.99,2011,4,9,17,48,59.70,-8.90,1.00,38,-70,9123,7562
"FO","OW2252","1111",7562.99,2011,4,9,17,57,59.69,-8.95,1.00,38,-70,9123,7563
"FO","OW2252","1111",7563.99,2011,4,9,18,5,59.69,-8.99,1.00,38,-70,9123,7564
"FO","OW2252","1111",7564.99,2011,4,9,18,13,59.69,-9.04,1.00,38,-70,9123,7565
"FO","OW2252","1111",7565.99,2011,4,9,18,20,59.69,-9.08,1.00,38,-70,9123,7566
"FO","OW2252","1111",7566.99,2011,4,9,18,27,59.69,-9.11,1.00,38,-70,9123,7567
"FO","OW2252","1111",7567.99,2011,4,9,18,34,59.69,-9.15,1.00,38,-70,9123,7568
"FO","OW2252","1111",7568.99,2011,4,9,18,40,59.69,-9.19,1.00,38,-70,9123,7569
"FO","OW2252","1111",7569.99,2011,4,9,18,47,59.69,-9.22,1.00,38,-70,9123,7570
"FO","OW2252","1111",7570.99,2011,4,9,18,53,59.70,-9.25,1.00,38,-70,9123,7571
"FO","OW2252","1111",7571.99,2011,4,9,18,59,59.69,-9.29,1.00,38,-70,9123,7572
"FO","OW2252","1111",7572.99,2011,4,9,19,5,59.69,-9.32,1.00,38,-70,9123,7573
"FO","OW2252","1111",7573.99,2011,4,9,19,12,59.69,-9.35,1.00,38,-70,9123,7574
"FO","OW2252","1111",7574.99,2011,4,9,19,18,59.70,-9.39,1.00,38,-70,9123,7575
"FO","OW2252","1111",7575.99,2011,4,9,19,24,59.69,-9.42,1.00,38,-70,9123,7576
"FO","OW2252","1111",7576.99,2011,4,9,19,30,59.69,-9.45,1.00,38,-70,9123,7577
"FO","OW2252","1111",7577.99,2011,4,9,19,37,59.69,-9.49,1.00,38,-70,9123,7578
"FO","OW2252","1111",7578.99,2011,4,9,19,43,59.70,-9.52,1.00,38,-70,9123,7579
"FO","OW2252","1111",7579.99,2011,4,9,19,50,59.69,-9.55,1.00,38,-70,9123,7580
"FO","OW2252","1111",7580.99,2011,4,9,19,56,59.70,-9.59,1.00,38,-70,9123,7581
"FO","OW2252","1111",7581.99,2011,4,9,20,2,59.70,-9.62,1.00,38,-70,9123,7582
"FO","OW2252","1111",7582.99,2011,4,9,20,8,59.70,-9.65,1.00,38,-70,9123,7583
"FO","OW2252","1111",7583.99,2011,4,9,20,15,59.70,-9.69,1.00,38,-70,9123,7584
"FO","OW2252","1111",7584.99,2011,4,9,20,21,59.69,-9.72,1.00,38,-70,9123,7585
"FO","OW2252","1111",7585.99,2011,4,9,20,27,59.69,-9.75,1.00,38,-70,9123,7586
"FO","OW2252","1111",7586.99,2011,4,9,20,33,59.69,-9.79,1.00,38,-70,9123,7587
"FO","OW2252","1111",7587.99,2011,4,9,20,40,59.69,-9.82,1.00,38,-70,9123,7588
"FO","OW2252","1111",7588.99,2011,4,9,20,46,59.69,-9.85,1.00,38,-70,9123,7589
"FO","OW2252","1111",7589.99,2011,4,9,20,53,59.69,-9.89,1.00,38,-70,9123,7590
"FO","OW2252","1111",7590.99,2011,4,9,20,59,59.69,-9.92,1.00,38,-70,9123,7591
"FO","OW2252","1111",7591.99,2011,4,9,21,6,59.69,-9.95,1.00,38,-70,9123,7592
"FO","OW2252","1111",7592.99,2011,4,9,21,13,59.69,-9.99,1.00,38,-70,9123,7593
"FO","OW2252","1111",7593.99,2011,4,9,21,20,59.69,-10.02,1.00,38,-70,9123,7594
"FO","OW2252","1111",7594.99,2011,4,9,21,26,59.69,-10.06,1.00,38,-70,9123,7595
"FO","OW2252","1111",7595.99,2011,4,9,21,33,59.69,-10.09,1.00,38,-70,9123,7596
"FO","OW2252","1111",7596.99,2011,4,9,21,40,59.69,-10.12,1.00,38,-70,9123,7597
"FO","OW2252","1111",7597.99,2011,4,9,21,47,59.69,-10.16,1.00,38,-70,9123,7598
"FO","OW2252","1111",7598.99,2011,4,9,21,54,59.69,-10.19,1.00,38,-70,9123,7599
"FO","OW2252","1111",7599.99,2011,4,9,22,0,59.70,-10.22,1.00,38,-70,9123,7600
"FO","OW2252","1111",7600.99,2011,4,9,22,7,59.69,-10.26,1.00,38,-70,9123,7601
"FO","OW2252","1111",7601.99,2011,4,9,22,14,59.69,-10.29,1.00,38,-70,9123,7602
"FO","OW2252","1111",7602.99,2011,4,9,22,20,59.69,-10.32,1.00,38,-70,9123,7603
"FO","OW2252","1111",7603.99,2011,4,9,22,27,59.69,-10.36,1.00,38,-70,9123,7604
"FO","OW2252","1111",7604.99,2011,4,9,22,33,59.70,-10.39,1.00,38,-70,9123,7605
"FO","OW2252","1111",7605.99,2011,4,9,22,40,59.70,-10.42,1.00,38,-70,9123,7606
"FO","OW2252","1111",7606.99,2011,4,9,22,46,59.70,-10.46,1.00,38,-70,9123,7607
"FO","OW2252","1111",7607.99,2011,4,9,22,53,59.70,-10.49,1.00,38,-70,9123,7608
"FO","OW2252","1111",7608.99,2011,4,9,22,59,59.70,-10.52,1.00,38,-70,9123,7609
"FO","OW2252","1111",7609.99,2011,4,9,23,6,59.69,-10.55,1.00,38,-70,9123,7610
"FO","OW2252","1111",7610.99,2011,4,9,23,12,59.69,-10.59,1.00,38,-70,9123,7611
"FO","OW2252","1111",7611.99,2011,4,9,23,18,59.69,-10.62,1.00,38,-70,9123,7612
"FO","OW2252","1111",7612.99,2011,4,9,23,25,59.69,-10.65,1.00,38,-70,9123,7613
"FO","OW2252","1111",7613.99,2011,4,9,23,31,59.70,-10.69,1.00,38,-70,9123,7614
"FO","OW2252","1111",7614.99,2011,4,9,23,37,59.70,-10.72,1.00,38,-70,9123,7615
"FO","OW2252","1111",7615.99,2011,4,9,23,50,59.70,-10.75,1.00,38,-70,9123,7616
"FO","OW2252","1111",7616.99,2011,4,10,0,33,59.70,-10.74,1.00,38,-70,9123,7617
"FO","OW2252","1111",7617.99,2011,4,10,0,41,59.70,-10.77,1.00,38,-70,9123,7618
"FO","OW2252","1111",7618.99,2011,4,10,0,48,59.70,-10.80,1.00,38,-70,9123,7619
"FO","OW2252","1111",7619.99,2011,4,10,0,55,59.70,-10.84,1.00,38,-70,9123,7620
"FO","OW2252","1111",7620.99,2011,4,10,1,1,59.70,-10.87,1.00,38,-70,9123,7621
"FO","OW2252","1111",7621.99,2011,4,10,1,8,59.70,-10.90,1.00,38,-70,9123,7622
"FO","OW2252","1111",7622.99,2011,4,10,1,14,59.70,-10.94,1.00,38,-70,9123,7623
"FO","OW2252","1111",7623.99,2011,4,10,1,21,59.70,-10.97,1.00,38,-70,9123,7624
"FO","OW2252","1111",7624.99,2011,4,10,1,27,59.70,-11.00,1.00,38,-70,9123,7625
"FO","OW2252","1111",7625.99,2011,4,10,1,34,59.70,-11.03,1.00,38,-70,9123,7626
"FO","OW2252","1111",7626.99,2011,4,10,1,40,59.70,-11.07,1.00,38,-70,9123,7627
"FO","OW2252","1111",7627.99,2011,4,10,1,47,59.70,-11.10,1.00,38,-70,9123,7628
"FO","OW2252","1111",7628.99,2011,4,10,1,54,59.70,-11.13,1.00,38,-70,9123,7629
"FO","OW2252","1111",7629.82,2011,4,10,1,59,59.70,-11.16,0.80,38,-70,9123,7630
"FO","OW2252","1111",7629.99,2011,4,10,2,0,59.70,-11.17,0.20,38,-70,9277,7630
"FO","OW2252","1111",7630.99,2011,4,10,2,7,59.70,-11.20,1.00,38,-70,9277,7631
"FO","OW2252","1111",7631.99,2011,4,10,2,13,59.70,-11.23,1.00,38,-70,9277,7632
"FO","OW2252","1111",7632.99,2011,4,10,2,20,59.70,-11.27,1.00,38,-70,9277,7633
"FO","OW2252","1111",7633.99,2011,4,10,2,27,59.70,-11.30,1.00,38,-70,9277,7634
"FO","OW2252","1111",7634.99,2011,4,10,2,33,59.70,-11.33,1.00,38,-70,9277,7635
"FO","OW2252","1111",7635.99,2011,4,10,2,40,59.70,-11.37,1.00,38,-70,9277,7636
"FO","OW2252","1111",7636.99,2011,4,10,2,47,59.70,-11.40,1.00,38,-70,9277,7637
"FO","OW2252","1111",7637.99,2011,4,10,2,53,59.69,-11.43,1.00,38,-70,9277,7638
"FO","OW2252","1111",7638.99,2011,4,10,3,0,59.69,-11.46,1.00,38,-70,9277,7639
"FO","OW2252","1111",7639.99,2011,4,10,3,6,59.69,-11.50,1.00,38,-70,9277,7640
"FO","OW2252","1111",7640.99,2011,4,10,3,13,59.69,-11.53,1.00,38,-70,9277,7641
"FO","OW2252","1111",7641.99,2011,4,10,3,19,59.69,-11.56,1.00,38,-70,9277,7642
"FO","OW2252","1111",7642.99,2011,4,10,3,25,59.69,-11.60,1.00,38,-70,9277,7643
"FO","OW2252","1111",7643.99,2011,4,10,3,31,59.69,-11.63,1.00,38,-70,9277,7644
"FO","OW2252","1111",7644.99,2011,4,10,3,38,59.69,-11.66,1.00,38,-70,9277,7645
"FO","OW2252","1111",7645.99,2011,4,10,3,44,59.69,-11.69,1.00,38,-70,9277,7646
"FO","OW2252","1111",7646.99,2011,4,10,3,50,59.69,-11.73,1.00,38,-70,9277,7647
"FO","OW2252","1111",7647.99,2011,4,10,3,56,59.69,-11.76,1.00,38,-70,9277,7648
"FO","OW2252","1111",7648.99,2011,4,10,4,2,59.70,-11.79,1.00,38,-70,9277,7649
"FO","OW2252","1111",7649.99,2011,4,10,4,8,59.70,-11.82,1.00,38,-70,9277,7650
"FO","OW2252","1111",7650.99,2011,4,10,4,14,59.70,-11.86,1.00,38,-70,9277,7651
"FO","OW2252","1111",7651.99,2011,4,10,4,20,59.70,-11.89,1.00,38,-70,9277,7652
"FO","OW2252","1111",7652.99,2011,4,10,4,26,59.70,-11.92,1.00,38,-70,9277,7653
"FO","OW2252","1111",7653.99,2011,4,10,4,32,59.70,-11.95,1.00,38,-70,9277,7654
"FO","OW2252","1111",7654.99,2011,4,10,4,38,59.70,-11.99,1.00,38,-70,9277,7655
"FO","OW2252","1111",7655.99,2011,4,10,4,44,59.70,-12.02,1.00,38,-70,9277,7656
"FO","OW2252","1111",7656.99,2011,4,10,4,50,59.70,-12.05,1.00,38,-70,9277,7657
"FO","OW2252","1111",7657.99,2011,4,10,4,56,59.70,-12.09,1.00,38,-70,9277,7658
"FO","OW2252","1111",7658.99,2011,4,10,5,2,59.70,-12.12,1.00,38,-70,9277,7659
"FO","OW2252","1111",7659.99,2011,4,10,5,8,59.70,-12.15,1.00,38,-70,9277,7660
"FO","OW2252","1111",7660.99,2011,4,10,5,14,59.70,-12.19,1.00,38,-70,9277,7661
"FO","OW2252","1111",7661.99,2011,4,10,5,20,59.70,-12.22,1.00,38,-70,9277,7662
"FO","OW2252","1111",7662.99,2011,4,10,5,27,59.70,-12.25,1.00,38,-70,9277,7663
"FO","OW2252","1111",7663.99,2011,4,10,5,33,59.70,-12.29,1.00,38,-70,9277,7664
"FO","OW2252","1111",7664.99,2011,4,10,5,39,59.70,-12.32,1.00,38,-70,9277,7665
"FO","OW2252","1111",7665.99,2011,4,10,5,46,59.70,-12.35,1.00,38,-70,9277,7666
"FO","OW2252","1111",7666.99,2011,4,10,5,52,59.70,-12.38,1.00,38,-70,9277,7667
"FO","OW2252","1111",7667.99,2011,4,10,5,58,59.70,-12.42,1.00,38,-70,9277,7668
"FO","OW2252","1111",7668.99,2011,4,10,6,5,59.70,-12.45,1.00,38,-70,9277,7669
"FO","OW2252","1111",7669.99,2011,4,10,6,11,59.70,-12.48,1.00,38,-70,9277,7670
"FO","OW2252","1111",7670.99,2011,4,10,6,45,59.70,-12.49,1.00,38,-70,9277,7671
"FO","OW2252","1111",7671.99,2011,4,10,7,18,59.72,-12.48,1.00,38,-70,9277,7672
"FO","OW2252","1111",7672.99,2011,4,10,7,24,59.73,-12.48,1.00,38,-70,9277,7673
"FO","OW2252","1111",7673.99,2011,4,10,7,30,59.75,-12.48,1.00,38,-70,9277,7674
"FO","OW2252","1111",7674.99,2011,4,10,7,37,59.77,-12.48,1.00,38,-70,9277,7675
"FO","OW2252","1111",7675.99,2011,4,10,7,57,59.78,-12.48,1.00,38,-70,9277,7676
"FO","OW2252","1111",7676.99,2011,4,10,8,10,59.80,-12.48,1.00,38,-70,9277,7677
"FO","OW2252","1111",7677.99,2011,4,10,8,25,59.82,-12.48,1.00,38,-70,9277,7678
"FO","OW2252","1111",7678.99,2011,4,10,8,40,59.83,-12.48,1.00,38,-70,9277,7679
"FO","OW2252","1111",7679.99,2011,4,10,8,55,59.85,-12.48,1.00,38,-70,9277,7680
"FO","OW2252","1111",7680.99,2011,4,10,9,10,59.87,-12.48,1.00,38,-70,9277,7681
"FO","OW2252","1111",7681.99,2011,4,10,9,27,59.88,-12.48,1.00,38,-70,9277,7682
"FO","OW2252","1111",7682.99,2011,4,10,9,48,59.90,-12.47,1.00,38,-70,9277,7683
"FO","OW2252","1111",7683.99,2011,4,10,9,54,59.92,-12.47,1.00,38,-70,9277,7684
"FO","OW2252","1111",7684.99,2011,4,10,10,0,59.93,-12.47,1.00,38,-70,9277,7685
"FO","OW2252","1111",7685.99,2011,4,10,10,5,59.95,-12.47,1.00,38,-70,9277,7686
"FO","OW2252","1111",7686.99,2011,4,10,10,11,59.97,-12.48,1.00,38,-70,9277,7687
"FO","OW2252","1111",7687.99,2011,4,10,10,17,59.99,-12.48,1.00,38,-70,9277,7688
"FO","OW2252","1111",7688.99,2011,4,10,10,23,60.00,-12.48,1.00,38,-70,9277,7689
"FO","OW2252","1111",7689.99,2011,4,10,10,29,60.02,-12.48,1.00,38,-70,9277,7690
"FO","OW2252","1111",7690.99,2011,4,10,10,34,60.04,-12.48,1.00,38,-70,9277,7691
"FO","OW2252","1111",7691.99,2011,4,10,10,40,60.05,-12.48,1.00,38,-70,9277,7692
"FO","OW2252","1111",7692.99,2011,4,10,10,46,60.07,-12.49,1.00,38,-70,9277,7693
"FO","OW2252","1111",7693.99,2011,4,10,10,52,60.09,-12.49,1.00,38,-70,9277,7694
"FO","OW2252","1111",7694.99,2011,4,10,10,58,60.10,-12.49,1.00,38,-70,9277,7695
"FO","OW2252","1111",7695.99,2011,4,10,11,4,60.12,-12.49,1.00,38,-70,9277,7696
"FO","OW2252","1111",7696.99,2011,4,10,11,9,60.14,-12.49,1.00,38,-70,9277,7697
"FO","OW2252","1111",7697.99,2011,4,10,11,15,60.15,-12.49,1.00,38,-70,9277,7698
"FO","OW2252","1111",7698.99,2011,4,10,11,21,60.17,-12.49,1.00,38,-70,9277,7699
"FO","OW2252","1111",7699.99,2011,4,10,11,26,60.19,-12.50,1.00,38,-70,9277,7700
"FO","OW2252","1111",7700.99,2011,4,10,11,48,60.20,-12.50,1.00,38,-70,9277,7701
"FO","OW2252","1111",7701.99,2011,4,10,12,8,60.21,-12.47,1.00,38,-70,9277,7702
"FO","OW2252","1111",7702.99,2011,4,10,12,14,60.21,-12.44,1.00,38,-70,9277,7703
"FO","OW2252","1111",7703.99,2011,4,10,12,20,60.21,-12.41,1.00,38,-70,9277,7704
"FO","OW2252","1111",7704.99,2011,4,10,12,27,60.21,-12.37,1.00,38,-70,9277,7705
"FO","OW2252","1111",7705.99,2011,4,10,12,33,60.21,-12.34,1.00,38,-70,9277,7706
"FO","OW2252","1111",7706.99,2011,4,10,12,39,60.21,-12.31,1.00,38,-70,9277,7707
"FO","OW2252","1111",7707.99,2011,4,10,12,46,60.21,-12.27,1.00,38,-70,9277,7708
"FO","OW2252","1111",7708.99,2011,4,10,12,52,60.21,-12.24,1.00,38,-70,9277,7709
"FO","OW2252","1111",7709.99,2011,4,10,12,58,60.21,-12.21,1.00,38,-70,9277,7710
"FO","OW2252","1111",7710.99,2011,4,10,13,4,60.21,-12.17,1.00,38,-70,9277,7711
"FO","OW2252","1111",7711.99,2011,4,10,13,11,60.21,-12.14,1.00,38,-70,9277,7712
"FO","OW2252","1111",7712.99,2011,4,10,13,17,60.21,-12.10,1.00,38,-70,9277,7713
"FO","OW2252","1111",7713.99,2011,4,10,13,23,60.21,-12.07,1.00,38,-70,9277,7714
"FO","OW2252","1111",7714.99,2011,4,10,13,29,60.21,-12.04,1.00,38,-70,9277,7715
"FO","OW2252","1111",7715.99,2011,4,10,13,35,60.21,-12.00,1.00,38,-70,9277,7716
"FO","OW2252","1111",7716.99,2011,4,10,13,42,60.21,-11.97,1.00,38,-70,9277,7717
"FO","OW2252","1111",7717.99,2011,4,10,13,48,60.21,-11.94,1.00,38,-70,9277,7718
"FO","OW2252","1111",7718.99,2011,4,10,13,54,60.21,-11.90,1.00,38,-70,9277,7719
"FO","OW2252","1111",7719.99,2011,4,10,14,0,60.21,-11.87,1.00,38,-70,9277,7720
"FO","OW2252","1111",7720.99,2011,4,10,14,6,60.21,-11.83,1.00,38,-70,9277,7721
"FO","OW2252","1111",7721.99,2011,4,10,14,12,60.20,-11.80,1.00,38,-70,9277,7722
"FO","OW2252","1111",7722.99,2011,4,10,14,18,60.20,-11.77,1.00,38,-70,9277,7723
"FO","OW2252","1111",7723.99,2011,4,10,14,24,60.20,-11.73,1.00,38,-70,9277,7724
"FO","OW2252","1111",7724.99,2011,4,10,14,30,60.20,-11.70,1.00,38,-70,9277,7725
"FO","OW2252","1111",7725.99,2011,4,10,14,36,60.20,-11.67,1.00,38,-70,9277,7726
"FO","OW2252","1111",7726.99,2011,4,10,14,42,60.20,-11.63,1.00,38,-70,9277,7727
"FO","OW2252","1111",7727.99,2011,4,10,14,48,60.20,-11.60,1.00,38,-70,9277,7728
"FO","OW2252","1111",7728.99,2011,4,10,14,54,60.20,-11.57,1.00,38,-70,9277,7729
"FO","OW2252","1111",7729.99,2011,4,10,15,0,60.20,-11.53,1.00,38,-70,9277,7730
"FO","OW2252","1111",7730.99,2011,4,10,15,6,60.20,-11.50,1.00,38,-70,9277,7731
"FO","OW2252","1111",7731.99,2011,4,10,15,12,60.20,-11.47,1.00,38,-70,9277,7732
"FO","OW2252","1111",7732.99,2011,4,10,15,18,60.20,-11.43,1.00,38,-70,9277,7733
"FO","OW2252","1111",7733.99,2011,4,10,15,25,60.20,-11.40,1.00,38,-70,9277,7734
"FO","OW2252","1111",7734.99,2011,4,10,15,31,60.20,-11.37,1.00,38,-70,9277,7735
"FO","OW2252","1111",7735.99,2011,4,10,15,38,60.20,-11.33,1.00,38,-70,9277,7736
"FO","OW2252","1111",7736.99,2011,4,10,15,44,60.20,-11.30,1.00,38,-70,9277,7737
"FO","OW2252","1111",7737.99,2011,4,10,15,51,60.20,-11.26,1.00,38,-70,9277,7738
"FO","OW2252","1111",7738.99,2011,4,10,15,57,60.20,-11.23,1.00,38,-70,9277,7739
"FO","OW2252","1111",7739.99,2011,4,10,16,3,60.20,-11.20,1.00,38,-70,9277,7740
"FO","OW2252","1111",7740.99,2011,4,10,16,9,60.20,-11.16,1.00,38,-70,9277,7741
"FO","OW2252","1111",7741.99,2011,4,10,16,15,60.20,-11.13,1.00,38,-70,9277,7742
"FO","OW2252","1111",7742.99,2011,4,10,16,22,60.20,-11.10,1.00,38,-70,9277,7743
"FO","OW2252","1111",7743.99,2011,4,10,16,28,60.20,-11.06,1.00,38,-70,9277,7744
"FO","OW2252","1111",7744.99,2011,4,10,16,34,60.20,-11.03,1.00,38,-70,9277,7745
"FO","OW2252","1111",7745.99,2011,4,10,16,40,60.20,-11.00,1.00,38,-70,9277,7746
"FO","OW2252","1111",7746.99,2011,4,10,16,46,60.20,-10.96,1.00,38,-70,9277,7747
"FO","OW2252","1111",7747.99,2011,4,10,16,52,60.20,-10.93,1.00,38,-70,9277,7748
"FO","OW2252","1111",7748.99,2011,4,10,16,58,60.20,-10.90,1.00,38,-70,9277,7749
"FO","OW2252","1111",7749.99,2011,4,10,17,4,60.20,-10.86,1.00,38,-70,9277,7750
"FO","OW2252","1111",7750.99,2011,4,10,17,10,60.20,-10.83,1.00,38,-70,9277,7751
"FO","OW2252","1111",7751.99,2011,4,10,17,16,60.20,-10.80,1.00,38,-70,9277,7752
"FO","OW2252","1111",7752.99,2011,4,10,17,22,60.19,-10.76,1.00,38,-70,9277,7753
"FO","OW2252","1111",7753.99,2011,4,10,17,28,60.19,-10.73,1.00,38,-70,9277,7754
"FO","OW2252","1111",7754.99,2011,4,10,17,34,60.19,-10.70,1.00,38,-70,9277,7755
"FO","OW2252","1111",7755.99,2011,4,10,17,40,60.20,-10.66,1.00,38,-70,9277,7756
"FO","OW2252","1111",7756.99,2011,4,10,17,46,60.20,-10.63,1.00,38,-70,9277,7757
"FO","OW2252","1111",7757.99,2011,4,10,17,52,60.20,-10.60,1.00,38,-70,9277,7758
"FO","OW2252","1111",7758.99,2011,4,10,17,58,60.20,-10.56,1.00,38,-70,9277,7759
"FO","OW2252","1111",7759.99,2011,4,10,18,3,60.19,-10.53,1.00,38,-70,9277,7760
"FO","OW2252","1111",7760.99,2011,4,10,18,9,60.19,-10.50,1.00,38,-70,9277,7761
"FO","OW2252","1111",7761.99,2011,4,10,18,15,60.19,-10.46,1.00,38,-70,9277,7762
"FO","OW2252","1111",7762.99,2011,4,10,18,21,60.19,-10.43,1.00,38,-70,9277,7763
"FO","OW2252","1111",7763.99,2011,4,10,18,27,60.20,-10.39,1.00,38,-70,9277,7764
"FO","OW2252","1111",7764.99,2011,4,10,18,33,60.20,-10.36,1.00,38,-70,9277,7765
"FO","OW2252","1111",7765.99,2011,4,10,18,39,60.20,-10.33,1.00,38,-70,9277,7766
"FO","OW2252","1111",7766.99,2011,4,10,18,45,60.20,-10.29,1.00,38,-70,9277,7767
"FO","OW2252","1111",7767.99,2011,4,10,18,51,60.20,-10.26,1.00,38,-70,9277,7768
"FO","OW2252","1111",7768.99,2011,4,10,18,57,60.20,-10.23,1.00,38,-70,9277,7769
"FO","OW2252","1111",7769.99,2011,4,10,19,3,60.19,-10.19,1.00,38,-70,9277,7770
"FO","OW2252","1111",7770.99,2011,4,10,19,9,60.19,-10.16,1.00,38,-70,9277,7771
"FO","OW2252","1111",7771.99,2011,4,10,19,15,60.20,-10.13,1.00,38,-70,9277,7772
"FO","OW2252","1111",7772.99,2011,4,10,19,26,60.20,-10.09,1.00,38,-70,9277,7773
"FO","OW2252","1111",7773.99,2011,4,10,20,7,60.20,-10.06,1.00,38,-70,9277,7774
"FO","OW2252","1111",7774.99,2011,4,10,20,13,60.20,-10.03,1.00,38,-70,9277,7775
"FO","OW2252","1111",7775.99,2011,4,10,20,20,60.20,-9.99,1.00,38,-70,9277,7776
"FO","OW2252","1111",7776.99,2011,4,10,20,26,60.20,-9.95,1.00,38,-70,9277,7777
"FO","OW2252","1111",7777.99,2011,4,10,20,32,60.20,-9.92,1.00,38,-70,9277,7778
"FO","OW2252","1111",7778.99,2011,4,10,20,38,60.20,-9.89,1.00,38,-70,9277,7779
"FO","OW2252","1111",7779.99,2011,4,10,20,44,60.20,-9.85,1.00,38,-70,9277,7780
"FO","OW2252","1111",7780.99,2011,4,10,20,50,60.20,-9.82,1.00,38,-70,9277,7781
"FO","OW2252","1111",7781.99,2011,4,10,20,56,60.20,-9.78,1.00,38,-70,9277,7782
"FO","OW2252","1111",7782.99,2011,4,10,21,2,60.20,-9.75,1.00,38,-70,9277,7783
"FO","OW2252","1111",7783.99,2011,4,10,21,8,60.20,-9.72,1.00,38,-70,9277,7784
"FO","OW2252","1111",7784.99,2011,4,10,21,14,60.20,-9.68,1.00,38,-70,9277,7785
"FO","OW2252","1111",7785.99,2011,4,10,21,20,60.19,-9.65,1.00,38,-70,9277,7786
"FO","OW2252","1111",7786.99,2011,4,10,21,26,60.19,-9.62,1.00,38,-70,9277,7787
"FO","OW2252","1111",7787.99,2011,4,10,21,32,60.19,-9.58,1.00,38,-70,9277,7788
"FO","OW2252","1111",7788.99,2011,4,10,21,39,60.20,-9.55,1.00,38,-70,9277,7789
"FO","OW2252","1111",7789.99,2011,4,10,21,45,60.20,-9.51,1.00,38,-70,9277,7790
"FO","OW2252","1111",7790.99,2011,4,10,21,51,60.19,-9.48,1.00,38,-70,9277,7791
"FO","OW2252","1111",7791.99,2011,4,10,21,57,60.20,-9.44,1.00,38,-70,9277,7792
"FO","OW2252","1111",7792.99,2011,4,10,22,3,60.19,-9.41,1.00,38,-70,9277,7793
"FO","OW2252","1111",7793.99,2011,4,10,22,9,60.19,-9.37,1.00,38,-70,9277,7794
"FO","OW2252","1111",7794.99,2011,4,10,22,16,60.20,-9.34,1.00,38,-70,9277,7795
"FO","OW2252","1111",7795.99,2011,4,10,22,21,60.20,-9.31,1.00,38,-70,9277,7796
"FO","OW2252","1111",7796.99,2011,4,10,22,27,60.20,-9.27,1.00,38,-70,9277,7797
"FO","OW2252","1111",7797.99,2011,4,10,22,33,60.20,-9.24,1.00,38,-70,9277,7798
"FO","OW2252","1111",7798.99,2011,4,10,22,39,60.19,-9.20,1.00,38,-70,9277,7799
"FO","OW2252","1111",7799.99,2011,4,10,22,45,60.19,-9.17,1.00,38,-70,9277,7800
"FO","OW2252","1111",7800.99,2011,4,10,22,51,60.20,-9.14,1.00,38,-70,9277,7801
"FO","OW2252","1111",7801.99,2011,4,10,22,57,60.19,-9.10,1.00,38,-70,9277,7802
"FO","OW2252","1111",7802.99,2011,4,10,23,3,60.19,-9.07,1.00,38,-70,9277,7803
"FO","OW2252","1111",7803.99,2011,4,10,23,9,60.19,-9.04,1.00,38,-70,9277,7804
"FO","OW2252","1111",7804.99,2011,4,10,23,15,60.20,-9.00,1.00,38,-70,9277,7805
"FO","OW2252","1111",7805.99,2011,4,10,23,21,60.20,-8.97,1.00,38,-70,9277,7806
"FO","OW2252","1111",7806.99,2011,4,10,23,26,60.20,-8.94,1.00,38,-70,9277,7807
"FO","OW2252","1111",7807.99,2011,4,10,23,32,60.20,-8.90,1.00,38,-70,9277,7808
"FO","OW2252","1111",7808.99,2011,4,10,23,37,60.20,-8.87,1.00,38,-70,9277,7809
"FO","OW2252","1111",7809.99,2011,4,10,23,42,60.20,-8.83,1.00,38,-70,9277,7810
"FO","OW2252","1111",7810.99,2011,4,10,23,48,60.20,-8.80,1.00,38,-70,9277,7811
"FO","OW2252","1111",7811.99,2011,4,10,23,53,60.20,-8.77,1.00,38,-70,9277,7812
"FO","OW2252","1111",7812.99,2011,4,10,23,59,60.20,-8.73,1.00,38,-70,9277,7813
"FO","OW2252","1111",7813.99,2011,4,11,0,4,60.19,-8.70,1.00,38,-70,9277,7814
"FO","OW2252","1111",7814.99,2011,4,11,0,10,60.20,-8.67,1.00,38,-70,9277,7815
"FO","OW2252","1111",7815.99,2011,4,11,0,15,60.20,-8.64,1.00,38,-70,9277,7816
"FO","OW2252","1111",7816.99,2011,4,11,0,21,60.20,-8.60,1.00,38,-70,9277,7817
"FO","OW2252","1111",7817.99,2011,4,11,0,26,60.20,-8.57,1.00,38,-70,9277,7818
"FO","OW2252","1111",7818.99,2011,4,11,0,32,60.20,-8.54,1.00,38,-70,9277,7819
"FO","OW2252","1111",7819.99,2011,4,11,0,38,60.20,-8.50,1.00,38,-70,9277,7820
"FO","OW2252","1111",7820.99,2011,4,11,0,43,60.20,-8.47,1.00,38,-70,9277,7821
"FO","OW2252","1111",7821.99,2011,4,11,0,49,60.20,-8.44,1.00,38,-70,9277,7822
"FO","OW2252","1111",7822.99,2011,4,11,0,55,60.20,-8.40,1.00,38,-70,9277,7823
"FO","OW2252","1111",7823.99,2011,4,11,1,1,60.20,-8.37,1.00,38,-70,9277,7824
"FO","OW2252","1111",7824.50,2011,4,11,1,4,60.20,-8.35,0.50,38,-70,9277,7825
"FO","OW2252","1111",7824.99,2011,4,11,1,7,60.20,-8.34,0.50,38,-70,9307,7825
"FO","OW2252","1111",7825.99,2011,4,11,1,13,60.20,-8.30,1.00,38,-70,9307,7826
"FO","OW2252","1111",7826.99,2011,4,11,1,19,60.20,-8.27,1.00,38,-70,9307,7827
"FO","OW2252","1111",7827.99,2011,4,11,1,24,60.20,-8.24,1.00,38,-70,9307,7828
"FO","OW2252","1111",7828.99,2011,4,11,1,30,60.20,-8.20,1.00,38,-70,9307,7829
"FO","OW2252","1111",7829.99,2011,4,11,1,36,60.20,-8.17,1.00,38,-70,9307,7830
"FO","OW2252","1111",7830.99,2011,4,11,1,42,60.20,-8.14,1.00,38,-70,9307,7831
"FO","OW2252","1111",7831.99,2011,4,11,1,48,60.20,-8.10,1.00,38,-70,9307,7832
"FO","OW2252","1111",7832.99,2011,4,11,1,54,60.20,-8.07,1.00,38,-70,9307,7833
"FO","OW2252","1111",7833.99,2011,4,11,2,0,60.20,-8.03,1.00,38,-70,9307,7834
"FO","OW2252","1111",7834.99,2011,4,11,2,6,60.20,-8.00,1.00,38,-70,9307,7835
"FO","OW2252","1111",7835.99,2011,4,11,2,11,60.20,-7.97,1.00,38,-70,9307,7836
"FO","OW2252","1111",7836.99,2011,4,11,2,17,60.20,-7.93,1.00,38,-70,9307,7837
"FO","OW2252","1111",7837.99,2011,4,11,2,23,60.20,-7.90,1.00,38,-70,9307,7838
"FO","OW2252","1111",7838.99,2011,4,11,2,29,60.20,-7.87,1.00,38,-70,9307,7839
"FO","OW2252","1111",7839.99,2011,4,11,2,35,60.20,-7.83,1.00,38,-70,9307,7840
"FO","OW2252","1111",7840.99,2011,4,11,2,41,60.20,-7.80,1.00,38,-70,9307,7841
"FO","OW2252","1111",7841.99,2011,4,11,2,46,60.20,-7.77,1.00,38,-70,9307,7842
"FO","OW2252","1111",7842.99,2011,4,11,2,52,60.20,-7.73,1.00,38,-70,9307,7843
"FO","OW2252","1111",7843.99,2011,4,11,2,58,60.20,-7.70,1.00,38,-70,9307,7844
"FO","OW2252","1111",7844.99,2011,4,11,3,46,60.20,-7.67,1.00,38,-70,9307,7845
"FO","OW2252","1111",7845.99,2011,4,11,3,52,60.20,-7.64,1.00,38,-70,9307,7846
"FO","OW2252","1111",7846.99,2011,4,11,3,57,60.20,-7.60,1.00,38,-70,9307,7847
"FO","OW2252","1111",7847.99,2011,4,11,4,3,60.20,-7.57,1.00,38,-70,9307,7848
"FO","OW2252","1111",7848.99,2011,4,11,4,8,60.20,-7.54,1.00,38,-70,9307,7849
"FO","OW2252","1111",7849.99,2011,4,11,4,13,60.20,-7.50,1.00,38,-70,9307,7850
"FO","OW2252","1111",7850.99,2011,4,11,4,19,60.20,-7.47,1.00,38,-70,9307,7851
"FO","OW2252","1111",7851.99,2011,4,11,4,25,60.20,-7.44,1.00,38,-70,9307,7852
"FO","OW2252","1111",7852.99,2011,4,11,4,30,60.20,-7.40,1.00,38,-70,9307,7853
"FO","OW2252","1111",7853.99,2011,4,11,4,36,60.19,-7.37,1.00,38,-70,9307,7854
"FO","OW2252","1111",7854.99,2011,4,11,4,41,60.19,-7.34,1.00,38,-70,9307,7855
"FO","OW2252","1111",7855.99,2011,4,11,4,47,60.19,-7.30,1.00,38,-70,9307,7856
"FO","OW2252","1111",7856.99,2011,4,11,4,52,60.19,-7.27,1.00,38,-70,9307,7857
"FO","OW2252","1111",7857.99,2011,4,11,4,58,60.19,-7.24,1.00,38,-70,9307,7858
"FO","OW2252","1111",7858.99,2011,4,11,5,3,60.19,-7.20,1.00,38,-70,9307,7859
"FO","OW2252","1111",7859.99,2011,4,11,5,8,60.19,-7.17,1.00,38,-70,9307,7860
"FO","OW2252","1111",7860.99,2011,4,11,5,13,60.20,-7.14,1.00,38,-70,9307,7861
"FO","OW2252","1111",7861.99,2011,4,11,5,18,60.20,-7.10,1.00,38,-70,9307,7862
"FO","OW2252","1111",7862.99,2011,4,11,5,23,60.20,-7.07,1.00,38,-70,9307,7863
"FO","OW2252","1111",7863.99,2011,4,11,5,29,60.20,-7.04,1.00,38,-70,9307,7864
"FO","OW2252","1111",7864.99,2011,4,11,5,34,60.20,-7.00,1.00,38,-70,9307,7865
"FO","OW2252","1111",7865.99,2011,4,11,5,40,60.20,-6.97,1.00,38,-70,9307,7866
"FO","OW2252","1111",7866.99,2011,4,11,5,45,60.20,-6.94,1.00,38,-70,9307,7867
"FO","OW2252","1111",7867.99,2011,4,11,5,51,60.20,-6.90,1.00,38,-70,9307,7868
"FO","OW2252","1111",7868.99,2011,4,11,5,57,60.20,-6.87,1.00,38,-70,9307,7869
"FO","OW2252","1111",7869.99,2011,4,11,6,3,60.20,-6.84,1.00,38,-70,9307,7870
"FO","OW2252","1111",7870.99,2011,4,11,6,15,60.20,-6.80,1.00,38,-70,9307,7871
"FO","OW2252","1111",7871.99,2011,4,11,6,30,60.20,-6.77,1.00,38,-70,9307,7872
"FO","OW2252","1111",7872.99,2011,4,11,6,45,60.20,-6.74,1.00,38,-70,9307,7873
"FO","OW2252","1111",7873.99,2011,4,11,7,3,60.20,-6.70,1.00,38,-70,9307,7874
"FO","OW2252","1111",7874.99,2011,4,11,7,20,60.20,-6.67,1.00,38,-70,9307,7875
"FO","OW2252","1111",7875.99,2011,4,11,7,38,60.20,-6.64,1.00,38,-70,9307,7876
"FO","OW2252","1111",7876.99,2011,4,11,7,56,60.20,-6.60,1.00,38,-70,9307,7877
"FO","OW2252","1111",7877.99,2011,4,11,8,31,60.20,-6.57,1.00,38,-70,9307,7878
"FO","OW2252","1111",7878.99,2011,4,11,8,50,60.20,-6.55,1.00,38,-70,9307,7879
"FO","OW2252","1111",7879.99,2011,4,11,9,6,60.20,-6.52,1.00,38,-70,9307,7880
"FO","OW2252","1111",7880.99,2011,4,11,9,21,60.19,-6.48,1.00,38,-70,9307,7881
"FO","OW2252","1111",7881.99,2011,4,11,9,39,60.19,-6.45,1.00,38,-70,9307,7882
"FO","OW2252","1111",7882.99,2011,4,11,9,54,60.19,-6.41,1.00,38,-70,9307,7883
"FO","OW2252","1111",7883.99,2011,4,11,10,10,60.19,-6.38,1.00,38,-70,9307,7884
"FO","OW2252","1111",7884.99,2011,4,11,10,25,60.18,-6.35,1.00,38,-70,9307,7885
"FO","OW2252","1111",7885.99,2011,4,11,10,52,60.18,-6.32,1.00,38,-70,9307,7886
"FO","OW2252","1111",7886.99,2011,4,11,11,7,60.18,-6.30,1.00,38,-70,9307,7887
"FO","OW2252","1111",7887.99,2011,4,11,11,13,60.18,-6.27,1.00,38,-70,9307,7888
"FO","OW2252","1111",7888.99,2011,4,11,11,19,60.18,-6.24,1.00,38,-70,9307,7889
"FO","OW2252","1111",7889.99,2011,4,11,11,24,60.18,-6.20,1.00,38,-70,9307,7890
"FO","OW2252","1111",7890.99,2011,4,11,11,31,60.18,-6.17,1.00,38,-70,9307,7891
"FO","OW2252","1111",7891.99,2011,4,11,11,37,60.18,-6.14,1.00,38,-70,9307,7892
"FO","OW2252","1111",7892.99,2011,4,11,11,43,60.19,-6.10,1.00,38,-70,9307,7893
"FO","OW2252","1111",7893.99,2011,4,11,11,49,60.19,-6.07,1.00,38,-70,9307,7894
"FO","OW2252","1111",7894.99,2011,4,11,11,56,60.19,-6.03,1.00,38,-70,9307,7895
"FO","OW2252","1111",7895.99,2011,4,11,12,2,60.20,-6.00,1.00,38,-70,9307,7896
"FO","OW2252","1111",7896.99,2011,4,11,12,8,60.20,-5.96,1.00,38,-70,9307,7897
"FO","OW2252","1111",7897.99,2011,4,11,12,14,60.20,-5.93,1.00,38,-70,9307,7898
"FO","OW2252","1111",7898.99,2011,4,11,12,20,60.20,-5.89,1.00,38,-70,9307,7899
"FO","OW2252","1111",7899.99,2011,4,11,12,26,60.20,-5.86,1.00,38,-70,9307,7900
"FO","OW2252","1111",7900.99,2011,4,11,12,32,60.20,-5.82,1.00,38,-70,9307,7901
"FO","OW2252","1111",7901.99,2011,4,11,12,38,60.20,-5.79,1.00,38,-70,9307,7902
"FO","OW2252","1111",7902.99,2011,4,11,12,44,60.20,-5.75,1.00,38,-70,9307,7903
"FO","OW2252","1111",7903.99,2011,4,11,12,49,60.20,-5.72,1.00,38,-70,9307,7904
"FO","OW2252","1111",7904.99,2011,4,11,12,55,60.20,-5.68,1.00,38,-70,9307,7905
"FO","OW2252","1111",7905.99,2011,4,11,13,0,60.20,-5.65,1.00,38,-70,9307,7906
"FO","OW2252","1111",7906.99,2011,4,11,13,6,60.20,-5.61,1.00,38,-70,9307,7907
"FO","OW2252","1111",7907.99,2011,4,11,13,11,60.20,-5.58,1.00,38,-70,9307,7908
"FO","OW2252","1111",7908.99,2011,4,11,13,16,60.20,-5.54,1.00,38,-70,9307,7909
"FO","OW2252","1111",7909.99,2011,4,11,13,21,60.19,-5.51,1.00,38,-70,9307,7910
"FO","OW2252","1111",7910.99,2011,4,11,13,27,60.19,-5.47,1.00,38,-70,9307,7911
"FO","OW2252","1111",7911.99,2011,4,11,13,32,60.19,-5.44,1.00,38,-70,9307,7912
"FO","OW2252","1111",7912.99,2011,4,11,13,37,60.19,-5.41,1.00,38,-70,9307,7913
"FO","OW2252","1111",7913.99,2011,4,11,13,42,60.19,-5.37,1.00,38,-70,9307,7914
"FO","OW2252","1111",7914.99,2011,4,11,13,48,60.19,-5.34,1.00,38,-70,9307,7915
"FO","OW2252","1111",7915.99,2011,4,11,13,53,60.20,-5.31,1.00,38,-70,9307,7916
"FO","OW2252","1111",7916.99,2011,4,11,14,13,60.20,-5.28,1.00,38,-70,9307,7917
"FO","OW2252","1111",7917.99,2011,4,11,14,42,60.20,-5.24,1.00,38,-70,9307,7918
"FO","OW2252","1111",7918.99,2011,4,11,14,50,60.21,-5.25,1.00,38,-70,9307,7919
"FO","OW2252","1111",7919.99,2011,4,11,14,57,60.23,-5.26,1.00,38,-70,9307,7920
"FO","OW2252","1111",7920.99,2011,4,11,15,4,60.24,-5.28,1.00,38,-70,9307,7921
"FO","OW2252","1111",7921.99,2011,4,11,15,13,60.26,-5.29,1.00,38,-70,9307,7922
"FO","OW2252","1111",7922.99,2011,4,11,15,21,60.27,-5.31,1.00,38,-70,9307,7923
"FO","OW2252","1111",7923.99,2011,4,11,15,30,60.29,-5.32,1.00,38,-70,9307,7924
"FO","OW2252","1111",7924.99,2011,4,11,15,39,60.30,-5.34,1.00,38,-70,9307,7925
"FO","OW2252","1111",7925.99,2011,4,11,15,47,60.32,-5.35,1.00,38,-70,9307,7926
"FO","OW2252","1111",7926.99,2011,4,11,15,56,60.33,-5.36,1.00,38,-70,9307,7927
"FO","OW2252","1111",7927.99,2011,4,11,16,4,60.35,-5.38,1.00,38,-70,9307,7928
"FO","OW2252","1111",7928.99,2011,4,11,16,13,60.36,-5.39,1.00,38,-70,9307,7929
"FO","OW2252","1111",7929.99,2011,4,11,16,21,60.38,-5.41,1.00,38,-70,9307,7930
"FO","OW2252","1111",7930.99,2011,4,11,16,29,60.39,-5.42,1.00,38,-70,9307,7931
"FO","OW2252","1111",7931.99,2011,4,11,16,37,60.41,-5.43,1.00,38,-70,9307,7932
"FO","OW2252","1111",7932.99,2011,4,11,16,45,60.43,-5.44,1.00,38,-70,9307,7933
"FO","OW2252","1111",7933.99,2011,4,11,16,54,60.44,-5.46,1.00,38,-70,9307,7934
"FO","OW2252","1111",7934.99,2011,4,11,17,3,60.46,-5.47,1.00,38,-70,9307,7935
"FO","OW2252","1111",7935.99,2011,4,11,17,11,60.47,-5.49,1.00,38,-70,9307,7936
"FO","OW2252","1111",7936.99,2011,4,11,17,19,60.49,-5.50,1.00,38,-70,9307,7937
